ID Ano Mes Dia Hora Min Prec
PASTO 2009 1 1 7 0 0.1
PASTO 2009 1 1 8 0 0.1
PASTO 2009 1 1 8 20 0.1
PASTO 2009 1 2 2 20 0.3
PASTO 2009 1 2 2 30 0.1
PASTO 2009 1 2 3 20 0.1
PASTO 2009 1 3 3 20 0.1
PASTO 2009 1 3 3 40 0.1
PASTO 2009 1 3 3 50 0.3
PASTO 2009 1 3 4 0 0.1
PASTO 2009 1 3 4 10 0.2
PASTO 2009 1 3 8 30 0.1
PASTO 2009 1 5 5 0 0.1
PASTO 2009 1 5 13 20 1.7
PASTO 2009 1 5 13 30 0.3
PASTO 2009 1 5 13 40 0.6
PASTO 2009 1 5 14 10 0.1
PASTO 2009 1 5 17 20 0.4
PASTO 2009 1 5 17 30 0.1
PASTO 2009 1 5 17 50 0.1
PASTO 2009 1 5 21 20 0.2
PASTO 2009 1 5 22 10 0.1
PASTO 2009 1 5 23 0 0.1
PASTO 2009 1 5 23 20 0.1
PASTO 2009 1 5 23 40 0.1
PASTO 2009 1 5 23 50 0.1
PASTO 2009 1 6 0 0 0.1
PASTO 2009 1 6 0 10 0.1
PASTO 2009 1 6 0 20 0.1
PASTO 2009 1 6 0 30 0.3
PASTO 2009 1 6 0 40 0.2
PASTO 2009 1 6 0 50 0.3
PASTO 2009 1 6 1 10 0.1
PASTO 2009 1 6 1 20 0.1
PASTO 2009 1 6 1 40 0.1
PASTO 2009 1 6 17 50 0.5
PASTO 2009 1 6 18 0 0.3
PASTO 2009 1 6 19 30 0.1
PASTO 2009 1 6 19 40 0.2
PASTO 2009 1 6 20 10 0.5
PASTO 2009 1 6 20 20 0.8
PASTO 2009 1 6 20 40 0.1
PASTO 2009 1 6 22 20 0.1
PASTO 2009 1 7 5 50 0.1
PASTO 2009 1 7 6 0 0.2
PASTO 2009 1 7 6 10 0.1
PASTO 2009 1 7 6 20 0.1
PASTO 2009 1 7 7 10 0.1
PASTO 2009 1 7 15 50 0.5
PASTO 2009 1 7 16 0 0.3
PASTO 2009 1 7 16 10 0.1
PASTO 2009 1 7 16 40 0.1
PASTO 2009 1 7 16 50 0.4
PASTO 2009 1 7 17 0 0.2
PASTO 2009 1 7 21 10 0.1
PASTO 2009 1 7 21 30 0.2
PASTO 2009 1 7 21 40 0.5
PASTO 2009 1 7 21 50 0.4
PASTO 2009 1 7 22 0 0.6
PASTO 2009 1 7 22 10 0.5
PASTO 2009 1 7 22 20 0.4
PASTO 2009 1 7 22 30 0.2
PASTO 2009 1 7 22 40 0.4
PASTO 2009 1 7 22 50 0.1
PASTO 2009 1 7 23 0 0.3
PASTO 2009 1 8 3 10 0.1
PASTO 2009 1 8 3 30 0.2
PASTO 2009 1 8 3 50 0.2
PASTO 2009 1 8 4 0 0.5
PASTO 2009 1 8 4 10 0.2
PASTO 2009 1 8 4 20 0.1
PASTO 2009 1 8 4 30 0.1
PASTO 2009 1 8 6 50 0.2
PASTO 2009 1 8 7 0 0.2
PASTO 2009 1 8 7 10 0.1
PASTO 2009 1 8 10 30 0.4
PASTO 2009 1 8 10 40 0.1
PASTO 2009 1 8 12 40 0.2
PASTO 2009 1 8 12 50 0.1
PASTO 2009 1 8 14 0 0.8
PASTO 2009 1 8 14 10 0.8
PASTO 2009 1 8 14 20 0.3
PASTO 2009 1 8 14 30 0.2
PASTO 2009 1 8 14 40 0.5
PASTO 2009 1 8 14 50 2.3
PASTO 2009 1 8 15 0 1.1
PASTO 2009 1 8 15 10 0.4
PASTO 2009 1 8 15 20 0.3
PASTO 2009 1 8 17 0 0.1
PASTO 2009 1 9 5 20 0.1
PASTO 2009 1 9 6 0 0.1
PASTO 2009 1 9 16 0 0.2
PASTO 2009 1 9 16 10 0.2
PASTO 2009 1 9 16 20 0.2
PASTO 2009 1 9 16 40 0.1
PASTO 2009 1 9 20 30 0.2
PASTO 2009 1 9 20 50 0.1
PASTO 2009 1 11 4 0 0.1
PASTO 2009 1 11 4 20 0.1
PASTO 2009 1 11 5 0 0.1
PASTO 2009 1 12 2 30 0.1
PASTO 2009 1 12 2 40 0.2
PASTO 2009 1 12 2 50 0.2
PASTO 2009 1 12 3 0 0.1
PASTO 2009 1 12 3 10 0.3
PASTO 2009 1 12 4 30 0.1
PASTO 2009 1 12 21 40 0.2
PASTO 2009 1 12 21 50 0.3
PASTO 2009 1 12 22 0 0.1
PASTO 2009 1 12 22 10 0.1
PASTO 2009 1 13 11 0 0.1
PASTO 2009 1 13 11 40 0.1
PASTO 2009 1 13 12 0 0.2
PASTO 2009 1 13 12 40 0.1
PASTO 2009 1 13 13 10 1
PASTO 2009 1 13 21 40 0.1
PASTO 2009 1 13 21 50 0.1
PASTO 2009 1 13 22 0 0.1
PASTO 2009 1 13 23 10 0.1
PASTO 2009 1 15 12 50 0.5
PASTO 2009 1 15 14 20 0.1
PASTO 2009 1 15 15 30 0.1
PASTO 2009 1 15 15 40 0.7
PASTO 2009 1 15 15 50 0.4
PASTO 2009 1 15 16 0 0.1
PASTO 2009 1 16 13 0 0.1
PASTO 2009 1 16 13 20 0.1
PASTO 2009 1 16 14 30 0.1
PASTO 2009 1 16 14 40 0.1
PASTO 2009 1 16 14 50 0.4
PASTO 2009 1 16 15 0 0.5
PASTO 2009 1 16 15 10 0.3
PASTO 2009 1 16 15 20 0.5
PASTO 2009 1 16 15 30 0.1
PASTO 2009 1 16 15 50 0.1
PASTO 2009 1 16 20 10 0.1
PASTO 2009 1 16 20 20 0.2
PASTO 2009 1 16 20 40 0.1
PASTO 2009 1 16 21 10 0.1
PASTO 2009 1 16 21 20 0.1
PASTO 2009 1 16 21 30 0.3
PASTO 2009 1 16 21 40 0.2
PASTO 2009 1 16 21 50 0.2
PASTO 2009 1 16 22 10 0.1
PASTO 2009 1 17 3 0 0.1
PASTO 2009 1 17 8 0 0.1
PASTO 2009 1 17 10 40 0.4
PASTO 2009 1 17 10 50 0.2
PASTO 2009 1 17 11 0 0.1
PASTO 2009 1 17 13 20 0.2
PASTO 2009 1 17 13 30 0.2
PASTO 2009 1 17 13 40 0.2
PASTO 2009 1 17 14 0 0.2
PASTO 2009 1 17 14 10 0.3
PASTO 2009 1 17 14 20 0.4
PASTO 2009 1 17 14 30 0.2
PASTO 2009 1 17 14 40 0.1
PASTO 2009 1 17 14 50 0.1
PASTO 2009 1 17 19 50 0.1
PASTO 2009 1 17 20 10 0.1
PASTO 2009 1 18 11 0 0.1
PASTO 2009 1 19 1 20 0.1
PASTO 2009 1 19 2 0 0.1
PASTO 2009 1 19 3 0 0.1
PASTO 2009 1 19 3 10 0.1
PASTO 2009 1 19 3 30 0.1
PASTO 2009 1 19 3 40 0.2
PASTO 2009 1 19 4 0 0.2
PASTO 2009 1 19 4 10 1
PASTO 2009 1 19 4 20 0.3
PASTO 2009 1 19 4 30 0.1
PASTO 2009 1 19 5 0 0.2
PASTO 2009 1 19 5 20 0.1
PASTO 2009 1 19 5 40 0.2
PASTO 2009 1 19 5 50 0.5
PASTO 2009 1 19 6 0 0.1
PASTO 2009 1 19 8 20 0.1
PASTO 2009 1 19 17 10 0.1
PASTO 2009 1 19 17 20 0.1
PASTO 2009 1 19 17 30 0.3
PASTO 2009 1 19 17 40 0.3
PASTO 2009 1 19 17 50 0.1
PASTO 2009 1 19 18 0 0.3
PASTO 2009 1 19 18 20 0.1
PASTO 2009 1 19 22 0 0.1
PASTO 2009 1 19 22 10 1
PASTO 2009 1 19 22 20 0.6
PASTO 2009 1 19 22 30 0.5
PASTO 2009 1 19 22 40 0.2
PASTO 2009 1 19 23 20 0.3
PASTO 2009 1 19 23 40 0.1
PASTO 2009 1 20 2 40 0.1
PASTO 2009 1 20 3 20 0.1
PASTO 2009 1 20 3 30 0.3
PASTO 2009 1 20 3 40 0.1
PASTO 2009 1 20 15 20 0.1
PASTO 2009 1 22 9 40 0.1
PASTO 2009 1 22 18 0 4.5
PASTO 2009 1 22 18 10 2.9
PASTO 2009 1 22 18 20 1.9
PASTO 2009 1 22 18 30 0.8
PASTO 2009 1 22 18 40 0.1
PASTO 2009 1 22 18 50 0.1
PASTO 2009 1 22 19 0 0.2
PASTO 2009 1 22 19 10 0.3
PASTO 2009 1 22 19 30 0.1
PASTO 2009 1 22 19 40 0.2
PASTO 2009 1 22 22 0 0.2
PASTO 2009 1 22 22 10 0.1
PASTO 2009 1 22 22 20 0.6
PASTO 2009 1 22 22 30 0.6
PASTO 2009 1 22 22 40 0.4
PASTO 2009 1 22 22 50 0.2
PASTO 2009 1 22 23 0 0.2
PASTO 2009 1 22 23 10 0.2
PASTO 2009 1 22 23 20 0.2
PASTO 2009 1 22 23 30 0.3
PASTO 2009 1 23 5 0 0.1
PASTO 2009 1 23 5 30 0.1
PASTO 2009 1 23 6 30 0.1
PASTO 2009 1 23 7 0 0.1
PASTO 2009 1 23 11 40 0.1
PASTO 2009 1 23 17 10 0.2
PASTO 2009 1 23 17 20 3.5
PASTO 2009 1 23 17 30 5.3
PASTO 2009 1 23 17 40 2.6
PASTO 2009 1 23 17 50 0.4
PASTO 2009 1 23 18 0 0.3
PASTO 2009 1 23 18 10 0.4
PASTO 2009 1 23 18 20 0.5
PASTO 2009 1 23 18 30 0.3
PASTO 2009 1 23 18 40 0.2
PASTO 2009 1 23 18 50 0.4
PASTO 2009 1 23 19 0 0.4
PASTO 2009 1 23 19 10 0.4
PASTO 2009 1 23 19 20 0.3
PASTO 2009 1 23 19 30 0.3
PASTO 2009 1 23 19 40 0.5
PASTO 2009 1 23 19 50 0.6
PASTO 2009 1 23 20 0 0.6
PASTO 2009 1 23 20 10 0.5
PASTO 2009 1 23 20 20 0.2
PASTO 2009 1 23 20 30 0.1
PASTO 2009 1 23 20 40 0.1
PASTO 2009 1 24 1 20 0.1
PASTO 2009 1 24 16 0 0.1
PASTO 2009 1 24 17 50 0.1
PASTO 2009 1 24 18 0 0.2
PASTO 2009 1 24 18 10 0.6
PASTO 2009 1 24 18 20 1.8
PASTO 2009 1 24 18 30 1.3
PASTO 2009 1 24 18 40 2.4
PASTO 2009 1 24 18 50 0.4
PASTO 2009 1 24 19 30 0.1
PASTO 2009 1 24 19 40 0.1
PASTO 2009 1 24 20 0 0.3
PASTO 2009 1 24 20 10 0.3
PASTO 2009 1 24 20 30 0.1
PASTO 2009 1 24 21 0 0.1
PASTO 2009 1 24 21 10 0.2
PASTO 2009 1 25 6 50 0.1
PASTO 2009 1 25 15 50 0.1
PASTO 2009 1 25 16 0 0.1
PASTO 2009 1 25 16 20 0.2
PASTO 2009 1 25 16 30 0.1
PASTO 2009 1 25 16 40 0.1
PASTO 2009 1 25 17 0 0.1
PASTO 2009 1 25 17 10 0.1
PASTO 2009 1 25 17 20 0.6
PASTO 2009 1 25 17 30 0.9
PASTO 2009 1 25 17 40 0.2
PASTO 2009 1 25 17 50 0.1
PASTO 2009 1 25 18 20 0.1
PASTO 2009 1 25 18 30 0.1
PASTO 2009 1 25 19 50 0.2
PASTO 2009 1 25 20 0 0.3
PASTO 2009 1 25 20 10 0.4
PASTO 2009 1 25 20 20 0.1
PASTO 2009 1 25 20 30 0.1
PASTO 2009 1 26 1 20 0.1
PASTO 2009 1 26 2 0 0.1
PASTO 2009 1 26 9 50 0.1
PASTO 2009 1 26 13 50 1.8
PASTO 2009 1 26 14 0 0.1
PASTO 2009 1 26 15 10 0.2
PASTO 2009 1 26 15 20 0.7
PASTO 2009 1 26 15 30 0.7
PASTO 2009 1 26 15 40 1.4
PASTO 2009 1 26 15 50 0.2
PASTO 2009 1 26 16 0 0.3
PASTO 2009 1 26 17 40 0.6
PASTO 2009 1 26 17 50 0.5
PASTO 2009 1 26 18 0 0.4
PASTO 2009 1 26 18 10 0.1
PASTO 2009 1 26 18 20 0.1
PASTO 2009 1 27 0 30 0.1
PASTO 2009 1 27 0 40 0.2
PASTO 2009 1 27 0 50 0.4
PASTO 2009 1 27 1 0 0.2
PASTO 2009 1 27 1 30 0.1
PASTO 2009 1 27 1 40 0.3
PASTO 2009 1 27 1 50 0.6
PASTO 2009 1 27 2 0 0.3
PASTO 2009 1 27 2 10 0.1
PASTO 2009 1 27 2 20 0.1
PASTO 2009 1 27 7 30 0.1
PASTO 2009 1 29 10 40 0.1
PASTO 2009 1 29 10 50 0.1
PASTO 2009 1 29 11 10 0.1
PASTO 2009 1 29 11 30 0.1
PASTO 2009 1 31 17 20 0.1
PASTO 2009 1 31 17 30 0.1
PASTO 2009 1 31 18 20 0.3
PASTO 2009 1 31 23 10 0.1
PASTO 2009 2 1 4 0 0.2
PASTO 2009 2 1 4 10 0.2
PASTO 2009 2 1 4 20 0.4
PASTO 2009 2 1 4 30 0.2
PASTO 2009 2 1 5 0 0.1
PASTO 2009 2 3 0 20 0.1
PASTO 2009 2 3 0 30 0.1
PASTO 2009 2 3 0 50 0.1
PASTO 2009 2 3 1 10 0.2
PASTO 2009 2 3 1 30 0.1
PASTO 2009 2 3 1 40 0.1
PASTO 2009 2 3 1 50 0.2
PASTO 2009 2 3 2 30 0.1
PASTO 2009 2 3 2 50 0.1
PASTO 2009 2 3 4 50 0.1
PASTO 2009 2 4 2 30 0.1
PASTO 2009 2 4 2 40 0.2
PASTO 2009 2 4 2 50 0.2
PASTO 2009 2 4 3 0 0.1
PASTO 2009 2 4 3 10 0.2
PASTO 2009 2 4 3 20 0.3
PASTO 2009 2 4 3 30 0.4
PASTO 2009 2 4 3 40 0.5
PASTO 2009 2 4 3 50 0.3
PASTO 2009 2 4 4 0 0.2
PASTO 2009 2 4 4 10 0.3
PASTO 2009 2 4 4 20 0.4
PASTO 2009 2 4 4 30 0.4
PASTO 2009 2 4 4 40 0.2
PASTO 2009 2 4 4 50 0.3
PASTO 2009 2 4 5 0 0.1
PASTO 2009 2 4 5 10 0.1
PASTO 2009 2 4 5 20 0.1
PASTO 2009 2 4 5 30 0.1
PASTO 2009 2 4 22 20 0.2
PASTO 2009 2 4 22 30 0.5
PASTO 2009 2 4 22 40 0.4
PASTO 2009 2 4 22 50 0.6
PASTO 2009 2 4 23 0 0.4
PASTO 2009 2 4 23 10 0.2
PASTO 2009 2 4 23 20 0.1
PASTO 2009 2 5 8 20 0.1
PASTO 2009 2 5 12 30 0.1
PASTO 2009 2 9 18 20 0.2
PASTO 2009 2 9 18 50 0.1
PASTO 2009 2 10 9 30 0.1
PASTO 2009 2 10 10 20 0.1
PASTO 2009 2 11 23 0 0.1
PASTO 2009 2 12 1 20 0.1
PASTO 2009 2 12 4 0 0.1
PASTO 2009 2 12 4 10 0.3
PASTO 2009 2 12 4 20 0.1
PASTO 2009 2 12 4 30 0.2
PASTO 2009 2 12 4 40 0.5
PASTO 2009 2 12 4 50 0.3
PASTO 2009 2 12 5 0 0.1
PASTO 2009 2 12 6 0 0.1
PASTO 2009 3 11 15 30 0.1
PASTO 2009 3 11 15 40 0.1
PASTO 2009 3 11 16 0 0.1
PASTO 2009 3 11 16 20 0.1
PASTO 2009 3 11 18 10 0.2
PASTO 2009 3 11 18 20 0.1
PASTO 2009 3 11 18 30 0.1
PASTO 2009 3 11 18 40 0.1
PASTO 2009 3 11 18 50 0.1
PASTO 2009 3 11 19 0 0.2
PASTO 2009 3 11 19 10 0.1
PASTO 2009 3 11 19 20 0.1
PASTO 2009 3 11 19 30 0.2
PASTO 2009 3 11 19 40 0.1
PASTO 2009 3 11 19 50 0.1
PASTO 2009 3 11 20 0 0.2
PASTO 2009 3 11 20 10 0.1
PASTO 2009 3 11 20 20 0.1
PASTO 2009 3 11 20 30 0.2
PASTO 2009 3 11 20 40 0.1
PASTO 2009 3 11 20 50 0.1
PASTO 2009 3 11 21 0 0.1
PASTO 2009 3 11 21 10 0.1
PASTO 2009 3 11 21 20 0.2
PASTO 2009 3 11 21 30 0.1
PASTO 2009 3 11 21 40 0.1
PASTO 2009 3 11 21 50 0.1
PASTO 2009 3 11 22 0 0.1
PASTO 2009 3 11 22 20 0.1
PASTO 2009 3 11 22 30 0.1
PASTO 2009 3 11 22 50 0.1
PASTO 2009 3 11 23 10 0.1
PASTO 2009 3 11 23 40 0.1
PASTO 2009 3 12 0 0 0.1
PASTO 2009 3 12 0 40 0.1
PASTO 2009 3 12 1 20 0.1
PASTO 2009 3 12 18 50 0.1
PASTO 2009 3 12 19 0 0.1
PASTO 2009 3 12 19 10 0.1
PASTO 2009 3 12 19 20 0.1
PASTO 2009 3 12 19 30 0.1
PASTO 2009 3 12 19 40 0.1
PASTO 2009 3 12 19 50 0.1
PASTO 2009 3 12 20 0 0.1
PASTO 2009 3 12 20 10 0.1
PASTO 2009 3 12 20 20 0.1
PASTO 2009 3 12 20 30 0.1
PASTO 2009 3 12 20 40 0.1
PASTO 2009 3 12 20 50 0.1
PASTO 2009 3 12 21 0 0.1
PASTO 2009 3 12 21 10 0.1
PASTO 2009 3 12 21 20 0.1
PASTO 2009 3 12 21 30 0.1
PASTO 2009 3 12 21 40 0.1
PASTO 2009 3 12 21 50 0.2
PASTO 2009 3 12 22 10 0.2
PASTO 2009 3 12 22 20 0.1
PASTO 2009 3 12 22 30 0.1
PASTO 2009 3 12 22 40 0.1
PASTO 2009 3 12 22 50 0.1
PASTO 2009 3 12 23 0 0.2
PASTO 2009 3 12 23 10 0.1
PASTO 2009 3 12 23 20 0.1
PASTO 2009 3 12 23 30 0.1
PASTO 2009 3 12 23 40 0.2
PASTO 2009 3 12 23 50 0.1
PASTO 2009 3 13 0 0 0.1
PASTO 2009 3 13 0 10 0.1
PASTO 2009 3 13 0 20 0.2
PASTO 2009 3 13 0 30 0.1
PASTO 2009 3 13 0 40 0.1
PASTO 2009 3 13 0 50 0.1
PASTO 2009 3 13 1 0 0.1
PASTO 2009 3 13 1 10 0.1
PASTO 2009 3 13 1 20 0.1
PASTO 2009 3 13 1 30 0.1
PASTO 2009 3 13 1 40 0.1
PASTO 2009 3 13 1 50 0.2
PASTO 2009 3 13 2 0 0.1
PASTO 2009 3 13 2 10 0.1
PASTO 2009 3 13 2 20 0.1
PASTO 2009 3 13 2 30 0.1
PASTO 2009 3 13 2 40 0.1
PASTO 2009 3 13 2 50 0.2
PASTO 2009 3 13 3 0 0.1
PASTO 2009 3 13 3 10 0.1
PASTO 2009 3 13 3 20 0.1
PASTO 2009 3 13 3 30 0.1
PASTO 2009 3 13 3 40 0.1
PASTO 2009 3 13 3 50 0.2
PASTO 2009 3 13 4 0 0.1
PASTO 2009 3 13 4 10 0.1
PASTO 2009 3 13 4 20 0.2
PASTO 2009 3 13 4 30 0.1
PASTO 2009 3 13 4 40 0.1
PASTO 2009 3 13 4 50 0.1
PASTO 2009 3 13 5 0 0.1
PASTO 2009 3 13 5 10 0.2
PASTO 2009 3 13 5 30 0.2
PASTO 2009 3 13 5 40 0.1
PASTO 2009 3 13 5 50 0.1
PASTO 2009 3 13 6 0 0.2
PASTO 2009 3 13 6 10 0.1
PASTO 2009 3 13 6 20 0.1
PASTO 2009 3 13 6 30 0.1
PASTO 2009 3 13 6 40 0.1
PASTO 2009 3 13 6 50 0.2
PASTO 2009 3 13 7 0 0.1
PASTO 2009 3 13 7 10 0.1
PASTO 2009 3 13 7 20 0.1
PASTO 2009 3 13 7 30 0.1
PASTO 2009 3 13 7 40 0.2
PASTO 2009 3 13 7 50 0.1
PASTO 2009 3 13 8 0 0.1
PASTO 2009 3 13 8 10 0.2
PASTO 2009 3 13 8 20 0.1
PASTO 2009 3 13 8 30 0.1
PASTO 2009 3 13 8 40 0.1
PASTO 2009 3 13 8 50 0.1
PASTO 2009 3 13 9 0 0.2
PASTO 2009 3 13 9 10 0.1
PASTO 2009 3 13 9 20 0.1
PASTO 2009 3 13 9 30 0.2
PASTO 2009 3 13 9 40 0.1
PASTO 2009 3 13 9 50 0.2
PASTO 2009 3 13 10 0 0.2
PASTO 2009 3 13 10 10 0.1
PASTO 2009 3 13 10 20 0.2
PASTO 2009 3 13 10 30 0.2
PASTO 2009 3 13 10 40 0.2
PASTO 2009 3 13 10 50 0.1
PASTO 2009 3 13 11 0 0.2
PASTO 2009 3 13 11 10 0.2
PASTO 2009 3 13 11 20 0.1
PASTO 2009 3 13 11 30 0.2
PASTO 2009 3 13 11 40 0.2
PASTO 2009 3 13 11 50 0.2
PASTO 2009 3 13 12 0 0.2
PASTO 2009 3 13 12 10 0.2
PASTO 2009 3 13 12 20 0.2
PASTO 2009 3 13 12 30 0.2
PASTO 2009 3 13 12 40 0.2
PASTO 2009 3 13 12 50 0.2
PASTO 2009 3 13 13 0 0.2
PASTO 2009 3 13 13 10 0.2
PASTO 2009 3 13 13 20 0.2
PASTO 2009 3 13 13 30 0.2
PASTO 2009 3 13 13 40 0.1
PASTO 2009 3 13 13 50 0.2
PASTO 2009 3 13 14 0 0.2
PASTO 2009 3 13 14 10 0.2
PASTO 2009 3 13 14 20 0.2
PASTO 2009 3 13 14 30 0.2
PASTO 2009 3 13 14 40 0.1
PASTO 2009 3 13 14 50 0.2
PASTO 2009 3 13 15 0 0.2
PASTO 2009 3 13 15 10 0.1
PASTO 2009 3 13 15 20 0.1
PASTO 2009 3 13 15 30 0.2
PASTO 2009 3 13 15 40 0.1
PASTO 2009 3 13 15 50 0.2
PASTO 2009 3 13 16 0 0.1
PASTO 2009 3 13 16 10 0.1
PASTO 2009 3 13 16 20 0.2
PASTO 2009 3 13 16 30 0.1
PASTO 2009 3 13 16 40 0.2
PASTO 2009 3 13 16 50 0.2
PASTO 2009 3 13 17 0 0.2
PASTO 2009 3 13 17 10 0.1
PASTO 2009 3 13 17 20 0.2
PASTO 2009 3 13 17 30 0.1
PASTO 2009 3 13 17 40 0.1
PASTO 2009 3 13 17 50 0.2
PASTO 2009 3 13 18 0 0.1
PASTO 2009 3 13 18 10 0.2
PASTO 2009 3 13 18 20 0.1
PASTO 2009 3 13 18 30 0.1
PASTO 2009 3 13 18 40 0.1
PASTO 2009 3 13 18 50 0.2
PASTO 2009 3 13 19 0 0.1
PASTO 2009 3 13 19 10 0.1
PASTO 2009 3 13 19 20 0.2
PASTO 2009 3 13 19 30 0.1
PASTO 2009 3 13 19 40 0.1
PASTO 2009 3 13 19 50 0.1
PASTO 2009 3 13 20 0 0.2
PASTO 2009 3 13 20 10 0.1
PASTO 2009 3 13 20 20 0.1
PASTO 2009 3 13 20 30 0.1
PASTO 2009 3 13 20 40 0.1
PASTO 2009 3 13 20 50 0.1
PASTO 2009 3 13 21 0 0.1
PASTO 2009 3 13 21 10 0.1
PASTO 2009 3 13 21 20 0.1
PASTO 2009 3 13 21 30 0.1
PASTO 2009 3 13 21 40 0.1
PASTO 2009 3 13 21 50 0.2
PASTO 2009 3 13 22 0 0.1
PASTO 2009 3 13 22 10 0.1
PASTO 2009 3 13 22 20 0.1
PASTO 2009 3 13 22 30 0.1
PASTO 2009 3 13 22 50 0.1
PASTO 2009 3 13 23 0 0.1
PASTO 2009 3 13 23 10 0.1
PASTO 2009 3 13 23 20 0.1
PASTO 2009 3 13 23 30 0.1
PASTO 2009 3 13 23 50 0.1
PASTO 2009 3 14 0 10 0.1
PASTO 2009 3 14 0 20 0.1
PASTO 2009 3 14 0 40 0.1
PASTO 2009 3 14 1 0 0.1
PASTO 2009 3 14 1 30 0.1
PASTO 2009 3 14 1 50 0.1
PASTO 2009 3 14 2 10 0.1
PASTO 2009 3 14 2 30 0.1
PASTO 2009 3 14 2 50 0.1
PASTO 2009 3 14 3 20 0.1
PASTO 2009 3 14 4 0 0.1
PASTO 2009 3 14 17 50 0.1
PASTO 2009 3 14 18 20 0.1
PASTO 2009 3 14 18 50 0.1
PASTO 2009 3 14 19 20 0.1
PASTO 2009 3 14 19 30 0.1
PASTO 2009 3 14 20 10 0.1
PASTO 2009 3 14 20 30 0.1
PASTO 2009 3 14 21 0 0.1
PASTO 2009 3 14 21 30 0.1
PASTO 2009 3 14 22 0 0.1
PASTO 2009 3 14 22 30 0.1
PASTO 2009 3 14 23 10 0.1
PASTO 2009 3 14 23 40 0.1
PASTO 2009 3 15 0 30 0.1
PASTO 2009 3 15 1 0 0.1
PASTO 2009 3 15 1 50 0.1
PASTO 2009 3 15 2 30 0.1
PASTO 2009 3 15 3 30 0.1
PASTO 2009 3 15 4 50 0.1
PASTO 2009 3 16 2 0 0.1
PASTO 2009 3 16 4 0 0.1
PASTO 2009 3 16 6 20 0.1
PASTO 2009 3 16 8 0 0.1
PASTO 2009 3 16 9 50 0.1
PASTO 2009 3 17 0 20 0.1
PASTO 2009 3 17 13 10 0.1
PASTO 2009 3 17 13 30 0.1
PASTO 2009 3 17 14 0 0.1
PASTO 2009 3 17 14 30 0.1
PASTO 2009 3 17 15 0 0.1
PASTO 2009 3 17 15 20 0.1
PASTO 2009 3 17 15 50 0.1
PASTO 2009 3 17 16 10 0.1
PASTO 2009 3 17 16 40 0.1
PASTO 2009 3 17 17 10 0.1
PASTO 2009 3 17 17 40 0.1
PASTO 2009 3 17 18 0 0.1
PASTO 2009 3 17 18 20 0.1
PASTO 2009 3 17 18 40 0.1
PASTO 2009 3 17 19 0 0.1
PASTO 2009 3 17 19 10 0.1
PASTO 2009 3 17 19 30 0.1
PASTO 2009 3 17 19 40 0.1
PASTO 2009 3 17 20 0 0.1
PASTO 2009 3 17 20 10 0.1
PASTO 2009 3 17 20 30 0.1
PASTO 2009 3 17 20 50 0.1
PASTO 2009 3 17 21 10 0.1
PASTO 2009 3 17 21 20 0.1
PASTO 2009 3 17 21 50 0.1
PASTO 2009 3 17 22 0 0.1
PASTO 2009 3 17 22 20 0.1
PASTO 2009 3 17 22 40 0.1
PASTO 2009 3 17 23 0 0.1
PASTO 2009 3 17 23 20 0.1
PASTO 2009 3 17 23 40 0.1
PASTO 2009 3 18 0 0 0.1
PASTO 2009 3 18 0 20 0.1
PASTO 2009 3 18 0 40 0.1
PASTO 2009 3 18 1 10 0.1
PASTO 2009 3 18 1 30 0.1
PASTO 2009 3 18 2 0 0.1
PASTO 2009 3 18 2 30 0.1
PASTO 2009 3 18 3 10 0.1
PASTO 2009 3 18 3 40 0.1
PASTO 2009 3 18 4 20 0.1
PASTO 2009 3 18 5 0 0.1
PASTO 2009 3 18 6 10 0.1
PASTO 2009 3 18 6 50 0.1
PASTO 2009 3 18 7 50 0.1
PASTO 2009 3 18 8 30 0.1
PASTO 2009 3 18 15 0 0.6
PASTO 2009 3 19 4 50 0.1
PASTO 2009 3 19 13 0 0.1
PASTO 2009 3 19 13 50 0.1
PASTO 2009 3 19 14 20 0.1
PASTO 2009 3 19 14 40 0.1
PASTO 2009 3 19 15 0 0.1
PASTO 2009 3 19 15 20 0.1
PASTO 2009 3 19 15 30 0.1
PASTO 2009 3 19 15 50 0.1
PASTO 2009 3 19 16 10 0.1
PASTO 2009 3 19 16 30 0.1
PASTO 2009 3 19 17 0 0.1
PASTO 2009 3 19 17 20 0.1
PASTO 2009 3 19 17 40 0.1
PASTO 2009 3 19 18 10 0.1
PASTO 2009 3 19 18 30 0.1
PASTO 2009 3 19 18 50 0.1
PASTO 2009 3 19 19 20 0.1
PASTO 2009 3 19 19 30 0.1
PASTO 2009 3 19 20 0 0.1
PASTO 2009 3 19 20 10 0.1
PASTO 2009 3 19 20 40 0.1
PASTO 2009 3 19 20 50 0.1
PASTO 2009 3 19 21 20 0.1
PASTO 2009 3 19 21 30 0.1
PASTO 2009 3 19 22 0 0.1
PASTO 2009 3 19 22 10 0.1
PASTO 2009 3 19 22 40 0.1
PASTO 2009 3 19 22 50 0.1
PASTO 2009 3 19 23 10 0.1
PASTO 2009 3 19 23 40 0.1
PASTO 2009 3 20 0 0 0.1
PASTO 2009 3 20 0 20 0.1
PASTO 2009 3 20 0 40 0.1
PASTO 2009 3 20 1 0 0.1
PASTO 2009 3 20 1 20 0.1
PASTO 2009 3 20 1 50 0.1
PASTO 2009 3 20 2 10 0.1
PASTO 2009 3 20 2 30 0.1
PASTO 2009 3 20 3 0 0.1
PASTO 2009 3 20 3 20 0.1
PASTO 2009 3 20 4 10 0.1
PASTO 2009 3 20 4 50 0.1
PASTO 2009 3 20 5 40 0.1
PASTO 2009 3 20 6 30 0.1
PASTO 2009 3 20 7 30 0.1
PASTO 2009 3 20 9 10 0.1
PASTO 2009 3 20 11 20 0.1
PASTO 2009 3 21 1 10 0.1
PASTO 2009 3 21 1 50 0.1
PASTO 2009 3 21 2 30 0.1
PASTO 2009 3 21 3 0 0.1
PASTO 2009 3 21 3 20 0.1
PASTO 2009 3 21 3 50 0.1
PASTO 2009 3 21 4 10 0.1
PASTO 2009 3 21 4 30 0.1
PASTO 2009 3 21 4 50 0.1
PASTO 2009 3 21 5 10 0.1
PASTO 2009 3 21 5 30 0.1
PASTO 2009 3 21 6 0 0.1
PASTO 2009 3 21 6 20 0.1
PASTO 2009 3 21 6 40 0.1
PASTO 2009 3 21 7 0 0.1
PASTO 2009 3 21 7 30 0.1
PASTO 2009 3 21 11 20 0.1
PASTO 2009 3 21 11 40 0.1
PASTO 2009 3 21 12 20 0.1
PASTO 2009 3 21 12 50 0.1
PASTO 2009 3 21 13 30 0.1
PASTO 2009 3 21 14 10 0.1
PASTO 2009 3 21 15 20 0.1
PASTO 2009 3 22 14 50 0.1
PASTO 2009 3 23 13 40 0.1
PASTO 2009 3 23 14 20 0.1
PASTO 2009 3 23 14 40 0.1
PASTO 2009 3 23 15 0 0.1
PASTO 2009 3 23 15 30 0.1
PASTO 2009 3 23 15 50 0.1
PASTO 2009 3 23 16 10 0.1
PASTO 2009 3 23 16 30 0.1
PASTO 2009 3 23 16 50 0.1
PASTO 2009 3 23 17 10 0.1
PASTO 2009 3 23 17 30 0.1
PASTO 2009 3 23 18 0 0.1
PASTO 2009 3 23 18 10 0.1
PASTO 2009 3 23 18 40 0.1
PASTO 2009 3 23 19 0 0.1
PASTO 2009 3 23 19 20 0.1
PASTO 2009 3 23 19 50 0.1
PASTO 2009 3 23 20 10 0.1
PASTO 2009 3 23 20 30 0.1
PASTO 2009 3 23 20 50 0.1
PASTO 2009 3 23 21 20 0.1
PASTO 2009 3 23 21 50 0.1
PASTO 2009 3 23 22 10 0.1
PASTO 2009 3 23 22 40 0.1
PASTO 2009 3 23 23 0 0.1
PASTO 2009 3 23 23 30 0.1
PASTO 2009 3 23 23 50 0.1
PASTO 2009 3 24 0 20 0.1
PASTO 2009 3 24 0 50 0.1
PASTO 2009 3 24 1 10 0.1
PASTO 2009 3 24 1 40 0.1
PASTO 2009 3 24 2 10 0.1
PASTO 2009 3 24 2 30 0.1
PASTO 2009 3 24 3 0 0.1
PASTO 2009 3 24 3 20 0.1
PASTO 2009 3 24 3 50 0.1
PASTO 2009 3 24 4 10 0.1
PASTO 2009 3 24 4 40 0.1
PASTO 2009 3 24 5 0 0.1
PASTO 2009 3 24 5 30 0.1
PASTO 2009 3 24 5 50 0.1
PASTO 2009 3 24 6 20 0.1
PASTO 2009 3 24 6 50 0.1
PASTO 2009 3 24 7 20 0.1
PASTO 2009 3 24 7 50 0.1
PASTO 2009 3 24 8 20 0.1
PASTO 2009 3 24 8 40 0.1
PASTO 2009 3 24 9 10 0.1
PASTO 2009 3 24 9 30 0.1
PASTO 2009 3 24 10 0 0.1
PASTO 2009 3 24 10 20 0.1
PASTO 2009 3 24 10 50 0.1
PASTO 2009 3 24 11 0 0.1
PASTO 2009 3 24 11 30 0.1
PASTO 2009 3 24 11 40 0.1
PASTO 2009 3 24 12 10 0.1
PASTO 2009 3 24 12 20 0.1
PASTO 2009 3 24 12 50 0.1
PASTO 2009 3 24 13 0 0.1
PASTO 2009 3 24 13 20 0.1
PASTO 2009 3 24 13 40 0.1
PASTO 2009 3 24 14 0 0.1
PASTO 2009 3 24 14 20 0.1
PASTO 2009 3 24 14 40 0.1
PASTO 2009 3 24 15 0 0.1
PASTO 2009 3 24 15 30 0.1
PASTO 2009 3 24 16 0 0.1
PASTO 2009 3 24 16 30 0.1
PASTO 2009 3 24 17 20 0.1
PASTO 2009 3 24 18 10 0.1
PASTO 2009 3 24 19 0 0.1
PASTO 2009 3 24 20 20 0.1
PASTO 2009 3 24 21 30 0.1
PASTO 2009 3 25 11 0 0.1
PASTO 2009 3 25 14 50 0.1
PASTO 2009 3 25 15 50 0.1
PASTO 2009 3 25 16 30 0.1
PASTO 2009 3 25 17 50 0.1
PASTO 2009 3 25 20 30 0.1
PASTO 2009 3 25 21 10 0.1
PASTO 2009 3 25 21 40 0.1
PASTO 2009 3 25 22 20 0.1
PASTO 2009 3 25 22 50 0.1
PASTO 2009 3 25 23 40 0.1
PASTO 2009 3 26 0 20 0.1
PASTO 2009 3 26 0 40 0.1
PASTO 2009 3 26 0 50 0.1
PASTO 2009 3 26 1 20 0.1
PASTO 2009 3 26 1 30 0.1
PASTO 2009 3 26 1 50 0.1
PASTO 2009 3 26 2 10 0.1
PASTO 2009 3 26 2 30 0.1
PASTO 2009 3 26 2 50 0.1
PASTO 2009 3 26 3 10 0.1
PASTO 2009 3 26 3 30 0.1
PASTO 2009 3 26 3 50 0.1
PASTO 2009 3 26 4 10 0.1
PASTO 2009 3 26 4 40 0.1
PASTO 2009 3 26 5 0 0.1
PASTO 2009 3 26 5 30 0.1
PASTO 2009 3 26 5 50 0.1
PASTO 2009 3 26 6 20 0.1
PASTO 2009 3 26 6 40 0.1
PASTO 2009 3 26 7 0 0.1
PASTO 2009 3 26 7 20 0.1
PASTO 2009 3 26 7 40 0.1
PASTO 2009 3 26 8 0 0.1
PASTO 2009 3 26 8 20 0.1
PASTO 2009 3 26 8 40 0.1
PASTO 2009 3 26 9 0 0.1
PASTO 2009 3 26 9 10 0.1
PASTO 2009 3 26 9 30 0.1
PASTO 2009 3 26 9 40 0.1
PASTO 2009 3 26 10 0 0.1
PASTO 2009 3 26 10 10 0.1
PASTO 2009 3 26 10 20 0.1
PASTO 2009 3 26 10 40 0.1
PASTO 2009 3 26 10 50 0.1
PASTO 2009 3 26 11 0 0.1
PASTO 2009 3 26 11 20 0.1
PASTO 2009 3 26 11 30 0.1
PASTO 2009 3 26 11 50 0.1
PASTO 2009 3 26 12 0 0.1
PASTO 2009 3 26 12 20 0.1
PASTO 2009 3 26 12 30 0.1
PASTO 2009 3 26 12 50 0.1
PASTO 2009 3 26 13 0 0.1
PASTO 2009 3 26 13 20 0.1
PASTO 2009 3 26 13 40 0.1
PASTO 2009 3 26 13 50 0.1
PASTO 2009 3 26 14 10 0.1
PASTO 2009 3 26 14 30 0.1
PASTO 2009 3 26 14 50 0.1
PASTO 2009 3 26 15 10 0.1
PASTO 2009 3 26 15 20 0.1
PASTO 2009 3 26 15 40 0.1
PASTO 2009 3 26 16 0 0.1
PASTO 2009 3 26 16 10 0.1
PASTO 2009 3 26 16 30 0.1
PASTO 2009 3 26 16 50 0.1
PASTO 2009 3 26 17 0 0.1
PASTO 2009 3 26 17 20 0.1
PASTO 2009 3 26 17 40 0.1
PASTO 2009 3 26 18 0 0.1
PASTO 2009 3 26 18 10 0.1
PASTO 2009 3 26 18 40 0.1
PASTO 2009 3 26 19 0 0.1
PASTO 2009 3 26 19 20 0.1
PASTO 2009 3 26 19 30 0.1
PASTO 2009 3 26 20 0 0.1
PASTO 2009 3 26 20 20 0.1
PASTO 2009 3 26 20 50 0.1
PASTO 2009 3 26 21 10 0.1
PASTO 2009 3 26 21 50 0.1
PASTO 2009 3 27 16 20 0.1
PASTO 2009 3 27 17 0 0.1
PASTO 2009 3 27 17 30 0.1
PASTO 2009 3 27 18 10 0.1
PASTO 2009 3 27 19 0 0.1
PASTO 2009 3 27 19 50 0.1
PASTO 2009 3 27 20 40 0.1
PASTO 2009 3 27 21 0 0.1
PASTO 2009 3 27 21 20 0.1
PASTO 2009 3 27 21 40 0.1
PASTO 2009 3 27 22 0 0.1
PASTO 2009 3 27 22 20 0.1
PASTO 2009 3 27 22 30 0.1
PASTO 2009 3 27 22 50 0.1
PASTO 2009 3 27 23 0 0.1
PASTO 2009 3 27 23 20 0.1
PASTO 2009 3 27 23 40 0.1
PASTO 2009 3 27 23 50 0.1
PASTO 2009 3 28 0 10 0.1
PASTO 2009 3 28 0 20 0.1
PASTO 2009 3 28 0 30 0.1
PASTO 2009 3 28 0 50 0.1
PASTO 2009 3 28 1 0 0.1
PASTO 2009 3 28 1 10 0.1
PASTO 2009 3 28 1 30 0.1
PASTO 2009 3 28 1 40 0.1
PASTO 2009 3 28 2 0 0.1
PASTO 2009 3 28 2 10 0.1
PASTO 2009 3 28 2 30 0.1
PASTO 2009 3 28 2 40 0.1
PASTO 2009 3 28 3 0 0.1
PASTO 2009 3 28 3 10 0.1
PASTO 2009 3 28 3 30 0.1
PASTO 2009 3 28 3 50 0.1
PASTO 2009 3 28 4 0 0.1
PASTO 2009 3 28 4 20 0.1
PASTO 2009 3 28 4 30 0.1
PASTO 2009 3 28 4 50 0.1
PASTO 2009 3 28 5 10 0.1
PASTO 2009 3 28 5 20 0.1
PASTO 2009 3 28 5 40 0.1
PASTO 2009 3 28 5 50 0.1
PASTO 2009 3 28 6 10 0.1
PASTO 2009 3 28 6 20 0.1
PASTO 2009 3 28 6 40 0.1
PASTO 2009 3 28 6 50 0.1
PASTO 2009 3 28 7 10 0.1
PASTO 2009 3 28 7 30 0.1
PASTO 2009 3 28 7 50 0.1
PASTO 2009 3 28 8 10 0.1
PASTO 2009 3 28 8 30 0.1
PASTO 2009 3 28 8 50 0.1
PASTO 2009 3 28 9 10 0.1
PASTO 2009 3 28 9 20 0.1
PASTO 2009 3 28 9 40 0.1
PASTO 2009 3 28 9 50 0.1
PASTO 2009 3 29 18 0 0.2
PASTO 2009 3 29 18 10 0.1
PASTO 2009 3 29 18 20 0.1
PASTO 2009 3 29 18 30 0.2
PASTO 2009 3 29 18 40 0.1
PASTO 2009 3 29 18 50 0.1
PASTO 2009 3 29 19 0 0.2
PASTO 2009 3 29 19 10 0.1
PASTO 2009 3 29 19 20 0.1
PASTO 2009 3 29 19 30 0.2
PASTO 2009 3 29 19 40 0.1
PASTO 2009 3 29 19 50 0.1
PASTO 2009 3 29 20 0 0.2
PASTO 2009 3 29 20 10 0.1
PASTO 2009 3 29 20 20 0.1
PASTO 2009 3 29 20 30 0.2
PASTO 2009 3 29 20 40 0.1
PASTO 2009 3 29 20 50 0.1
PASTO 2009 3 29 21 0 0.2
PASTO 2009 3 29 21 10 0.1
PASTO 2009 3 29 21 20 0.1
PASTO 2009 3 29 21 30 0.1
PASTO 2009 3 29 21 40 0.2
PASTO 2009 3 29 21 50 0.1
PASTO 2009 3 29 22 0 0.1
PASTO 2009 3 29 22 10 0.2
PASTO 2009 3 29 22 20 0.1
PASTO 2009 3 29 22 30 0.1
PASTO 2009 3 29 22 40 0.2
PASTO 2009 3 29 22 50 0.1
PASTO 2009 3 29 23 0 0.1
PASTO 2009 3 29 23 10 0.1
PASTO 2009 3 29 23 20 0.1
PASTO 2009 3 29 23 30 0.1
PASTO 2009 3 29 23 40 0.1
PASTO 2009 3 29 23 50 0.2
PASTO 2009 3 30 0 0 0.1
PASTO 2009 3 30 0 10 0.1
PASTO 2009 3 30 0 20 0.1
PASTO 2009 3 30 0 30 0.1
PASTO 2009 3 30 0 40 0.1
PASTO 2009 3 30 0 50 0.1
PASTO 2009 3 30 1 0 0.2
PASTO 2009 3 30 1 10 0.1
PASTO 2009 3 30 1 20 0.1
PASTO 2009 3 30 1 30 0.1
PASTO 2009 3 30 1 40 0.1
PASTO 2009 3 30 1 50 0.1
PASTO 2009 3 30 2 0 0.2
PASTO 2009 3 30 2 10 0.1
PASTO 2009 3 30 2 20 0.1
PASTO 2009 3 30 2 30 0.1
PASTO 2009 3 30 2 40 0.1
PASTO 2009 3 30 2 50 0.1
PASTO 2009 3 30 3 0 0.2
PASTO 2009 3 30 3 10 0.1
PASTO 2009 3 30 3 20 0.1
PASTO 2009 3 30 3 30 0.1
PASTO 2009 3 30 3 40 0.1
PASTO 2009 3 30 3 50 0.1
PASTO 2009 3 30 4 0 0.1
PASTO 2009 3 30 4 10 0.1
PASTO 2009 3 30 4 20 0.2
PASTO 2009 3 30 4 30 0.1
PASTO 2009 3 30 4 40 0.1
PASTO 2009 3 30 4 50 0.1
PASTO 2009 3 30 5 0 0.1
PASTO 2009 3 30 5 10 0.1
PASTO 2009 3 30 5 20 0.1
PASTO 2009 3 30 5 30 0.1
PASTO 2009 3 30 5 40 0.1
PASTO 2009 3 30 5 50 0.1
PASTO 2009 3 30 6 0 0.1
PASTO 2009 3 30 6 10 0.1
PASTO 2009 3 30 6 20 0.1
PASTO 2009 3 30 6 30 0.1
PASTO 2009 3 30 6 40 0.1
PASTO 2009 3 30 6 50 0.1
PASTO 2009 3 30 7 0 0.1
PASTO 2009 3 30 7 10 0.1
PASTO 2009 3 30 7 20 0.1
PASTO 2009 3 30 7 40 0.1
PASTO 2009 3 30 7 50 0.1
PASTO 2009 3 30 8 0 0.1
PASTO 2009 3 30 8 10 0.1
PASTO 2009 3 30 8 20 0.1
PASTO 2009 3 30 8 30 0.2
PASTO 2009 3 30 8 40 0.1
PASTO 2009 3 30 8 50 0.1
PASTO 2009 3 30 9 0 0.1
PASTO 2009 3 30 9 10 0.2
PASTO 2009 3 30 9 20 0.1
PASTO 2009 3 30 9 30 0.2
PASTO 2009 3 30 9 40 0.2
PASTO 2009 3 30 9 50 0.2
PASTO 2009 3 30 10 0 0.1
PASTO 2009 3 30 10 10 0.2
PASTO 2009 3 30 10 20 0.2
PASTO 2009 3 30 10 30 0.2
PASTO 2009 3 30 10 40 0.1
PASTO 2009 3 30 10 50 0.2
PASTO 2009 3 30 11 0 0.2
PASTO 2009 3 30 11 10 0.1
PASTO 2009 3 30 11 20 0.2
PASTO 2009 3 30 11 30 0.2
PASTO 2009 3 30 11 40 0.1
PASTO 2009 3 30 11 50 0.2
PASTO 2009 3 30 12 0 0.2
PASTO 2009 3 30 12 10 0.1
PASTO 2009 3 30 12 20 0.2
PASTO 2009 3 30 12 30 0.1
PASTO 2009 3 30 12 40 0.2
PASTO 2009 3 30 12 50 0.2
PASTO 2009 3 30 13 0 0.1
PASTO 2009 3 30 13 10 0.2
PASTO 2009 3 30 13 20 0.1
PASTO 2009 3 30 13 30 0.1
PASTO 2009 3 30 13 40 0.1
PASTO 2009 3 30 14 0 0.1
PASTO 2009 3 30 14 10 0.1
PASTO 2009 3 30 14 30 0.1
PASTO 2009 3 30 14 40 0.1
PASTO 2009 3 30 14 50 0.1
PASTO 2009 3 30 15 0 0.2
PASTO 2009 3 30 15 20 0.1
PASTO 2009 3 30 15 30 0.1
PASTO 2009 3 30 15 40 0.1
PASTO 2009 3 30 15 50 0.1
PASTO 2009 3 30 16 0 0.1
PASTO 2009 3 30 16 10 0.1
PASTO 2009 3 30 16 30 0.1
PASTO 2009 3 30 16 40 0.1
PASTO 2009 3 30 16 50 0.1
PASTO 2009 3 30 17 0 0.1
PASTO 2009 3 30 17 10 0.1
PASTO 2009 3 30 17 20 0.1
PASTO 2009 3 30 17 30 0.1
PASTO 2009 3 30 17 40 0.1
PASTO 2009 3 30 17 50 0.1
PASTO 2009 3 30 18 0 0.1
PASTO 2009 3 30 18 10 0.1
PASTO 2009 3 30 18 20 0.1
PASTO 2009 3 30 18 30 0.1
PASTO 2009 3 30 18 40 0.1
PASTO 2009 3 30 18 50 0.1
PASTO 2009 3 30 19 10 0.1
PASTO 2009 3 30 19 20 0.1
PASTO 2009 3 30 19 30 0.1
PASTO 2009 3 30 19 40 0.1
PASTO 2009 3 30 19 50 0.1
PASTO 2009 3 30 20 0 0.1
PASTO 2009 3 30 20 20 0.1
PASTO 2009 3 30 20 30 0.1
PASTO 2009 3 30 20 40 0.1
PASTO 2009 3 30 20 50 0.1
PASTO 2009 3 30 21 0 0.1
PASTO 2009 3 30 21 10 0.1
PASTO 2009 3 30 21 20 0.1
PASTO 2009 3 30 21 30 0.1
PASTO 2009 3 30 21 50 0.1
PASTO 2009 3 30 22 0 0.1
PASTO 2009 3 30 22 10 0.1
PASTO 2009 3 30 22 20 0.1
PASTO 2009 3 30 22 40 0.1
PASTO 2009 3 30 22 50 0.1
PASTO 2009 3 30 23 0 0.1
PASTO 2009 3 30 23 20 0.1
PASTO 2009 3 30 23 40 0.1
PASTO 2009 3 31 0 0 0.1
PASTO 2009 3 31 0 20 0.1
PASTO 2009 3 31 0 40 0.1
PASTO 2009 3 31 1 10 0.1
PASTO 2009 3 31 1 30 0.1
PASTO 2009 3 31 2 0 0.1
PASTO 2009 3 31 7 40 0.1
PASTO 2009 3 31 18 50 0.1
PASTO 2009 3 31 19 20 0.1
PASTO 2009 3 31 19 40 0.1
PASTO 2009 3 31 20 0 0.1
PASTO 2009 3 31 20 20 0.1
PASTO 2009 3 31 20 30 0.1
PASTO 2009 3 31 20 50 0.1
PASTO 2009 3 31 21 10 0.1
PASTO 2009 3 31 21 30 0.1
PASTO 2009 3 31 21 50 0.1
PASTO 2009 3 31 22 10 0.1
PASTO 2009 3 31 22 30 0.1
PASTO 2009 3 31 22 50 0.1
PASTO 2009 3 31 23 10 0.1
PASTO 2009 3 31 23 30 0.1
PASTO 2009 3 31 23 40 0.1
PASTO 2009 4 1 0 0 0.1
PASTO 2009 4 1 0 10 0.1
PASTO 2009 4 1 0 40 0.1
PASTO 2009 4 1 0 50 0.1
PASTO 2009 4 1 1 20 0.1
PASTO 2009 4 1 1 30 0.1
PASTO 2009 4 1 2 0 0.1
PASTO 2009 4 1 2 10 0.1
PASTO 2009 4 1 2 30 0.1
PASTO 2009 4 1 2 50 0.1
PASTO 2009 4 1 3 10 0.1
PASTO 2009 4 1 3 30 0.1
PASTO 2009 4 1 3 50 0.1
PASTO 2009 4 1 4 10 0.1
PASTO 2009 4 1 4 20 0.1
PASTO 2009 4 1 4 40 0.1
PASTO 2009 4 1 5 0 0.1
PASTO 2009 4 1 5 20 0.1
PASTO 2009 4 1 5 40 0.1
PASTO 2009 4 1 5 50 0.1
PASTO 2009 4 1 6 10 0.1
PASTO 2009 4 1 6 30 0.1
PASTO 2009 4 1 6 50 0.1
PASTO 2009 4 1 7 0 0.1
PASTO 2009 4 1 7 20 0.1
PASTO 2009 4 1 7 30 0.1
PASTO 2009 4 1 7 50 0.1
PASTO 2009 4 1 8 0 0.1
PASTO 2009 4 1 8 20 0.1
PASTO 2009 4 1 8 30 0.1
PASTO 2009 4 1 8 40 0.1
PASTO 2009 4 1 8 50 0.1
PASTO 2009 4 1 9 0 0.1
PASTO 2009 4 1 9 10 0.1
PASTO 2009 4 1 9 20 0.1
PASTO 2009 4 1 9 30 0.1
PASTO 2009 4 1 9 40 0.1
PASTO 2009 4 1 9 50 0.1
PASTO 2009 4 1 10 0 0.1
PASTO 2009 4 1 10 20 0.1
PASTO 2009 4 1 10 30 0.1
PASTO 2009 4 1 10 40 0.1
PASTO 2009 4 1 11 0 0.1
PASTO 2009 4 1 11 10 0.1
PASTO 2009 4 1 11 20 0.1
PASTO 2009 4 1 11 40 0.1
PASTO 2009 4 1 12 0 0.1
PASTO 2009 4 1 12 20 0.1
PASTO 2009 4 1 12 40 0.1
PASTO 2009 4 1 13 10 0.1
PASTO 2009 4 1 13 40 0.1
PASTO 2009 4 1 14 0 0.1
PASTO 2009 4 1 14 20 0.1
PASTO 2009 4 1 14 40 0.1
PASTO 2009 4 1 15 0 0.1
PASTO 2009 4 1 15 10 0.1
PASTO 2009 4 1 15 20 0.1
PASTO 2009 4 1 15 40 0.1
PASTO 2009 4 1 15 50 0.1
PASTO 2009 4 1 16 0 0.1
PASTO 2009 4 1 16 10 0.1
PASTO 2009 4 1 16 20 0.1
PASTO 2009 4 1 16 30 0.1
PASTO 2009 4 1 16 40 0.1
PASTO 2009 4 1 16 50 0.1
PASTO 2009 4 1 17 0 0.1
PASTO 2009 4 1 17 10 0.1
PASTO 2009 4 1 17 20 0.1
PASTO 2009 4 1 17 30 0.1
PASTO 2009 4 1 17 40 0.1
PASTO 2009 4 1 18 0 0.1
PASTO 2009 4 1 18 10 0.1
PASTO 2009 4 1 18 30 0.1
PASTO 2009 4 1 18 40 0.1
PASTO 2009 4 1 19 0 0.1
PASTO 2009 4 1 19 10 0.1
PASTO 2009 4 1 19 20 0.1
PASTO 2009 4 1 19 30 0.1
PASTO 2009 4 1 19 50 0.1
PASTO 2009 4 1 20 0 0.1
PASTO 2009 4 1 20 10 0.1
PASTO 2009 4 1 20 20 0.1
PASTO 2009 4 1 20 30 0.1
PASTO 2009 4 1 20 40 0.1
PASTO 2009 4 1 20 50 0.1
PASTO 2009 4 1 21 0 0.1
PASTO 2009 4 1 21 20 0.1
PASTO 2009 4 1 21 30 0.1
PASTO 2009 4 1 21 40 0.1
PASTO 2009 4 1 21 50 0.1
PASTO 2009 4 1 22 0 0.1
PASTO 2009 4 1 22 10 0.1
PASTO 2009 4 1 22 20 0.1
PASTO 2009 4 1 22 30 0.1
PASTO 2009 4 1 22 40 0.1
PASTO 2009 4 1 22 50 0.1
PASTO 2009 4 1 23 0 0.1
PASTO 2009 4 1 23 10 0.1
PASTO 2009 4 1 23 30 0.1
PASTO 2009 4 1 23 40 0.1
PASTO 2009 4 1 23 50 0.1
PASTO 2009 4 2 0 0 0.1
PASTO 2009 4 2 0 10 0.1
PASTO 2009 4 2 0 20 0.1
PASTO 2009 4 2 0 30 0.1
PASTO 2009 4 2 0 40 0.1
PASTO 2009 4 2 0 50 0.1
PASTO 2009 4 2 1 0 0.1
PASTO 2009 4 2 1 10 0.1
PASTO 2009 4 2 1 20 0.1
PASTO 2009 4 2 1 40 0.1
PASTO 2009 4 2 1 50 0.1
PASTO 2009 4 2 2 0 0.1
PASTO 2009 4 2 2 10 0.1
PASTO 2009 4 2 2 20 0.1
PASTO 2009 4 2 2 30 0.1
PASTO 2009 4 2 2 40 0.1
PASTO 2009 4 2 2 50 0.1
PASTO 2009 4 2 3 10 0.1
PASTO 2009 4 2 3 20 0.1
PASTO 2009 4 2 3 30 0.1
PASTO 2009 4 2 3 40 0.1
PASTO 2009 4 2 3 50 0.1
PASTO 2009 4 2 4 0 0.1
PASTO 2009 4 2 4 20 0.1
PASTO 2009 4 2 4 30 0.1
PASTO 2009 4 2 4 40 0.1
PASTO 2009 4 2 4 50 0.1
PASTO 2009 4 2 5 0 0.1
PASTO 2009 4 2 5 10 0.1
PASTO 2009 4 2 5 30 0.1
PASTO 2009 4 2 5 40 0.1
PASTO 2009 4 2 5 50 0.1
PASTO 2009 4 2 6 0 0.1
PASTO 2009 4 2 6 10 0.1
PASTO 2009 4 2 6 30 0.1
PASTO 2009 4 2 6 40 0.1
PASTO 2009 4 2 6 50 0.1
PASTO 2009 4 2 7 0 0.1
PASTO 2009 4 2 7 20 0.1
PASTO 2009 4 2 7 30 0.1
PASTO 2009 4 2 7 50 0.1
PASTO 2009 4 2 8 0 0.1
PASTO 2009 4 2 8 10 0.1
PASTO 2009 4 2 8 20 0.1
PASTO 2009 4 2 8 30 0.1
PASTO 2009 4 2 8 40 0.1
PASTO 2009 4 2 8 50 0.1
PASTO 2009 4 2 9 0 0.1
PASTO 2009 4 2 9 10 0.2
PASTO 2009 4 2 9 20 0.1
PASTO 2009 4 2 9 30 0.1
PASTO 2009 4 2 9 40 0.2
PASTO 2009 4 2 9 50 0.1
PASTO 2009 4 2 10 0 0.1
PASTO 2009 4 2 10 10 0.1
PASTO 2009 4 2 10 20 0.1
PASTO 2009 4 2 10 40 0.1
PASTO 2009 4 2 10 50 0.1
PASTO 2009 4 2 11 0 0.1
PASTO 2009 4 2 16 20 0.1
PASTO 2009 4 2 16 40 0.1
PASTO 2009 4 2 17 0 0.1
PASTO 2009 4 2 17 20 0.1
PASTO 2009 4 2 17 40 0.1
PASTO 2009 4 2 17 50 0.1
PASTO 2009 4 2 18 10 0.1
PASTO 2009 4 2 18 30 0.1
PASTO 2009 4 2 18 50 0.1
PASTO 2009 4 2 19 0 0.1
PASTO 2009 4 2 19 20 0.1
PASTO 2009 4 2 19 30 0.1
PASTO 2009 4 2 19 50 0.1
PASTO 2009 4 2 20 10 0.1
PASTO 2009 4 2 20 20 0.1
PASTO 2009 4 2 20 40 0.1
PASTO 2009 4 2 21 0 0.1
PASTO 2009 4 2 21 10 0.1
PASTO 2009 4 2 21 30 0.1
PASTO 2009 4 2 21 40 0.1
PASTO 2009 4 2 22 0 0.1
PASTO 2009 4 2 22 10 0.1
PASTO 2009 4 2 22 30 0.1
PASTO 2009 4 2 22 40 0.1
PASTO 2009 4 2 22 50 0.1
PASTO 2009 4 2 23 10 0.1
PASTO 2009 4 2 23 20 0.1
PASTO 2009 4 2 23 40 0.1
PASTO 2009 4 3 0 0 0.1
PASTO 2009 4 3 0 10 0.1
PASTO 2009 4 3 0 20 0.1
PASTO 2009 4 3 0 40 0.1
PASTO 2009 4 3 0 50 0.1
PASTO 2009 4 3 1 10 0.1
PASTO 2009 4 3 1 20 0.1
PASTO 2009 4 3 1 30 0.1
PASTO 2009 4 3 1 40 0.1
PASTO 2009 4 3 2 0 0.1
PASTO 2009 4 3 2 10 0.1
PASTO 2009 4 3 2 30 0.1
PASTO 2009 4 3 2 40 0.1
PASTO 2009 4 3 2 50 0.1
PASTO 2009 4 3 3 10 0.1
PASTO 2009 4 3 3 20 0.1
PASTO 2009 4 3 3 40 0.1
PASTO 2009 4 3 4 0 0.1
PASTO 2009 4 3 4 10 0.1
PASTO 2009 4 3 4 30 0.1
PASTO 2009 4 3 5 0 0.1
PASTO 2009 4 3 5 20 0.1
PASTO 2009 4 3 5 50 0.1
PASTO 2009 4 3 6 10 0.1
PASTO 2009 4 3 6 40 0.1
PASTO 2009 4 3 7 10 0.1
PASTO 2009 4 3 7 40 0.1
PASTO 2009 4 6 15 20 0.1
PASTO 2009 4 6 15 40 0.1
PASTO 2009 4 6 16 0 0.1
PASTO 2009 4 6 16 10 0.1
PASTO 2009 4 6 16 30 0.1
PASTO 2009 4 6 16 40 0.1
PASTO 2009 4 6 17 0 0.1
PASTO 2009 4 6 17 10 0.1
PASTO 2009 4 6 17 30 0.1
PASTO 2009 4 6 17 50 0.1
PASTO 2009 4 6 18 10 0.1
PASTO 2009 4 6 18 20 0.1
PASTO 2009 4 6 18 40 0.1
PASTO 2009 4 6 19 0 0.1
PASTO 2009 4 6 19 30 0.1
PASTO 2009 4 6 19 50 0.1
PASTO 2009 4 6 20 10 0.1
PASTO 2009 4 6 20 30 0.1
PASTO 2009 4 6 20 50 0.1
PASTO 2009 4 6 21 20 0.1
PASTO 2009 4 6 21 40 0.1
PASTO 2009 4 6 22 10 0.1
PASTO 2009 4 6 22 40 0.1
PASTO 2009 4 6 23 10 0.1
PASTO 2009 4 6 23 40 0.1
PASTO 2009 4 7 0 30 0.1
PASTO 2009 4 7 1 10 0.1
PASTO 2009 4 7 2 10 0.1
PASTO 2009 4 7 2 50 0.1
PASTO 2009 4 7 12 10 0.1
PASTO 2009 4 7 12 30 0.1
PASTO 2009 4 7 13 0 0.1
PASTO 2009 4 7 13 30 0.1
PASTO 2009 4 7 14 0 0.1
PASTO 2009 4 7 15 40 0.1
PASTO 2009 4 7 17 30 0.1
PASTO 2009 4 7 17 40 0.1
PASTO 2009 4 7 18 0 0.1
PASTO 2009 4 7 18 10 0.1
PASTO 2009 4 7 18 30 0.1
PASTO 2009 4 7 18 40 0.1
PASTO 2009 4 7 19 0 0.1
PASTO 2009 4 7 19 20 0.1
PASTO 2009 4 7 19 30 0.1
PASTO 2009 4 7 19 50 0.1
PASTO 2009 4 7 20 10 0.1
PASTO 2009 4 7 20 20 0.1
PASTO 2009 4 7 20 40 0.1
PASTO 2009 4 7 21 0 0.1
PASTO 2009 4 7 21 20 0.1
PASTO 2009 4 7 21 30 0.1
PASTO 2009 4 7 21 50 0.1
PASTO 2009 4 7 22 10 0.1
PASTO 2009 4 7 22 30 0.1
PASTO 2009 4 7 22 40 0.1
PASTO 2009 4 7 23 0 0.1
PASTO 2009 4 7 23 20 0.1
PASTO 2009 4 7 23 40 0.1
PASTO 2009 4 7 23 50 0.1
PASTO 2009 4 8 0 10 0.1
PASTO 2009 4 8 0 30 0.1
PASTO 2009 4 8 0 50 0.1
PASTO 2009 4 8 1 20 0.1
PASTO 2009 4 8 1 40 0.1
PASTO 2009 4 8 2 10 0.1
PASTO 2009 4 8 2 40 0.1
PASTO 2009 4 8 3 10 0.1
PASTO 2009 4 8 4 0 0.1
PASTO 2009 4 8 4 30 0.1
PASTO 2009 4 8 5 10 0.1
PASTO 2009 4 8 5 50 0.1
PASTO 2009 4 8 6 40 0.1
PASTO 2009 4 8 7 20 0.1
PASTO 2009 4 8 9 0 0.1
PASTO 2009 4 8 9 20 0.1
PASTO 2009 4 8 9 40 0.1
PASTO 2009 4 8 10 10 0.1
PASTO 2009 4 8 10 30 0.1
PASTO 2009 4 8 10 50 0.1
PASTO 2009 4 8 11 0 0.1
PASTO 2009 4 8 11 20 0.1
PASTO 2009 4 8 11 40 0.1
PASTO 2009 4 8 12 0 0.1
PASTO 2009 4 8 12 20 0.1
PASTO 2009 4 8 12 40 0.1
PASTO 2009 4 8 13 0 0.1
PASTO 2009 4 8 13 10 0.1
PASTO 2009 4 8 13 30 0.1
PASTO 2009 4 8 13 40 0.1
PASTO 2009 4 8 14 0 0.1
PASTO 2009 4 8 14 10 0.1
PASTO 2009 4 8 14 30 0.1
PASTO 2009 4 8 14 40 0.1
PASTO 2009 4 8 15 0 0.1
PASTO 2009 4 8 15 10 0.1
PASTO 2009 4 8 15 30 0.1
PASTO 2009 4 8 15 40 0.1
PASTO 2009 4 8 16 0 0.1
PASTO 2009 4 8 16 10 0.1
PASTO 2009 4 8 16 30 0.1
PASTO 2009 4 8 16 40 0.1
PASTO 2009 4 8 17 0 0.1
PASTO 2009 4 8 17 10 0.1
PASTO 2009 4 8 17 30 0.1
PASTO 2009 4 8 17 40 0.1
PASTO 2009 4 8 17 50 0.1
PASTO 2009 4 8 18 10 0.1
PASTO 2009 4 8 18 30 0.1
PASTO 2009 4 8 18 40 0.1
PASTO 2009 4 8 19 0 0.1
PASTO 2009 4 8 19 20 0.1
PASTO 2009 4 8 19 30 0.1
PASTO 2009 4 8 19 50 0.1
PASTO 2009 4 8 20 10 0.1
PASTO 2009 4 8 20 30 0.1
PASTO 2009 4 8 20 40 0.1
PASTO 2009 4 8 21 10 0.1
PASTO 2009 4 8 21 40 0.1
PASTO 2009 4 8 22 10 0.1
PASTO 2009 4 8 22 30 0.1
PASTO 2009 4 8 23 0 0.1
PASTO 2009 4 8 23 20 0.1
PASTO 2009 4 8 23 50 0.1
PASTO 2009 4 9 0 20 0.1
PASTO 2009 4 9 0 50 0.1
PASTO 2009 4 9 1 20 0.1
PASTO 2009 4 9 2 10 0.1
PASTO 2009 4 9 13 50 0.1
PASTO 2009 4 11 18 40 0.1
PASTO 2009 4 11 19 0 0.1
PASTO 2009 4 11 19 10 0.1
PASTO 2009 4 11 19 30 0.1
PASTO 2009 4 11 19 50 0.1
PASTO 2009 4 11 20 0 0.1
PASTO 2009 4 11 20 20 0.1
PASTO 2009 4 11 20 40 0.1
PASTO 2009 4 11 21 0 0.1
PASTO 2009 4 11 21 20 0.1
PASTO 2009 4 11 21 30 0.1
PASTO 2009 4 11 22 0 0.1
PASTO 2009 4 11 22 20 0.1
PASTO 2009 4 11 22 40 0.1
PASTO 2009 4 11 23 0 0.1
PASTO 2009 4 11 23 20 0.1
PASTO 2009 4 11 23 40 0.1
PASTO 2009 4 12 0 0 0.1
PASTO 2009 4 12 0 20 0.1
PASTO 2009 4 12 0 40 0.1
PASTO 2009 4 12 0 50 0.1
PASTO 2009 4 12 1 10 0.1
PASTO 2009 4 12 1 30 0.1
PASTO 2009 4 12 1 50 0.1
PASTO 2009 4 12 2 10 0.1
PASTO 2009 4 12 2 20 0.1
PASTO 2009 4 12 2 40 0.1
PASTO 2009 4 12 3 0 0.1
PASTO 2009 4 12 3 10 0.1
PASTO 2009 4 12 3 30 0.1
PASTO 2009 4 12 3 50 0.1
PASTO 2009 4 12 4 10 0.1
PASTO 2009 4 12 4 20 0.1
PASTO 2009 4 12 4 40 0.1
PASTO 2009 4 12 5 0 0.1
PASTO 2009 4 12 5 10 0.1
PASTO 2009 4 12 5 30 0.1
PASTO 2009 4 12 5 40 0.1
PASTO 2009 4 12 6 0 0.1
PASTO 2009 4 12 6 10 0.1
PASTO 2009 4 12 6 30 0.1
PASTO 2009 4 12 6 40 0.1
PASTO 2009 4 12 7 0 0.1
PASTO 2009 4 12 7 10 0.1
PASTO 2009 4 12 7 40 0.1
PASTO 2009 4 12 7 50 0.1
PASTO 2009 4 12 8 10 0.1
PASTO 2009 4 12 8 20 0.1
PASTO 2009 4 12 8 40 0.1
PASTO 2009 4 12 8 50 0.1
PASTO 2009 4 12 9 10 0.1
PASTO 2009 4 12 9 20 0.1
PASTO 2009 4 12 9 30 0.1
PASTO 2009 4 12 9 50 0.1
PASTO 2009 4 12 10 0 0.1
PASTO 2009 4 12 10 10 0.1
PASTO 2009 4 12 10 20 0.1
PASTO 2009 4 12 10 30 0.1
PASTO 2009 4 12 10 40 0.1
PASTO 2009 4 12 10 50 0.1
PASTO 2009 4 12 11 0 0.1
PASTO 2009 4 12 11 10 0.1
PASTO 2009 4 12 11 20 0.1
PASTO 2009 4 12 11 30 0.1
PASTO 2009 4 12 11 40 0.1
PASTO 2009 4 12 11 50 0.1
PASTO 2009 4 12 12 0 0.1
PASTO 2009 4 12 12 10 0.1
PASTO 2009 4 12 12 20 0.1
PASTO 2009 4 12 12 30 0.1
PASTO 2009 4 12 12 40 0.1
PASTO 2009 4 12 12 50 0.1
PASTO 2009 4 12 13 10 0.1
PASTO 2009 4 12 13 20 0.1
PASTO 2009 4 12 13 30 0.1
PASTO 2009 4 12 13 40 0.1
PASTO 2009 4 12 14 0 0.1
PASTO 2009 4 12 14 10 0.1
PASTO 2009 4 12 14 30 0.1
PASTO 2009 4 12 14 40 0.1
PASTO 2009 4 12 14 50 0.1
PASTO 2009 4 12 15 10 0.1
PASTO 2009 4 12 15 20 0.1
PASTO 2009 4 12 15 40 0.1
PASTO 2009 4 12 15 50 0.1
PASTO 2009 4 12 16 10 0.1
PASTO 2009 4 12 16 20 0.1
PASTO 2009 4 12 16 40 0.1
PASTO 2009 4 12 17 0 0.1
PASTO 2009 4 12 17 20 0.1
PASTO 2009 4 12 17 40 0.1
PASTO 2009 4 12 18 0 0.1
PASTO 2009 4 12 18 20 0.1
PASTO 2009 4 12 18 40 0.1
PASTO 2009 4 12 19 0 0.1
PASTO 2009 4 12 19 20 0.1
PASTO 2009 4 12 19 40 0.1
PASTO 2009 4 12 19 50 0.1
PASTO 2009 4 12 20 10 0.1
PASTO 2009 4 12 20 20 0.1
PASTO 2009 4 12 20 40 0.1
PASTO 2009 4 12 21 0 0.1
PASTO 2009 4 12 21 10 0.1
PASTO 2009 4 12 21 30 0.1
PASTO 2009 4 12 22 0 0.1
PASTO 2009 4 12 22 10 0.1
PASTO 2009 4 12 22 40 0.1
PASTO 2009 4 12 23 0 0.1
PASTO 2009 4 12 23 20 0.1
PASTO 2009 4 12 23 40 0.1
PASTO 2009 4 13 0 0 0.1
PASTO 2009 4 13 0 20 0.1
PASTO 2009 4 13 0 40 0.1
PASTO 2009 4 13 1 0 0.1
PASTO 2009 4 13 1 20 0.1
PASTO 2009 4 13 1 40 0.1
PASTO 2009 4 13 2 0 0.1
PASTO 2009 4 13 2 20 0.1
PASTO 2009 4 13 2 40 0.1
PASTO 2009 4 13 3 0 0.1
PASTO 2009 4 13 3 30 0.1
PASTO 2009 4 13 4 0 0.1
PASTO 2009 4 13 4 30 0.1
PASTO 2009 4 13 5 0 0.1
PASTO 2009 4 13 5 50 0.1
PASTO 2009 4 13 6 30 0.1
PASTO 2009 4 13 7 30 0.1
PASTO 2009 4 13 9 10 0.1
PASTO 2009 4 13 13 20 0.1
PASTO 2009 4 13 13 50 0.1
PASTO 2009 4 13 14 10 0.1
PASTO 2009 4 13 14 30 0.1
PASTO 2009 4 13 15 0 0.1
PASTO 2009 4 13 15 20 0.1
PASTO 2009 4 13 20 40 0.1
PASTO 2009 4 13 21 0 0.1
PASTO 2009 4 13 21 20 0.1
PASTO 2009 4 13 21 40 0.1
PASTO 2009 4 13 21 50 0.1
PASTO 2009 4 13 22 10 0.1
PASTO 2009 4 13 22 20 0.1
PASTO 2009 4 13 22 30 0.1
PASTO 2009 4 13 22 50 0.1
PASTO 2009 4 13 23 0 0.1
PASTO 2009 4 13 23 20 0.1
PASTO 2009 4 13 23 30 0.1
PASTO 2009 4 13 23 50 0.1
PASTO 2009 4 14 0 0 0.1
PASTO 2009 4 14 0 20 0.1
PASTO 2009 4 14 0 30 0.1
PASTO 2009 4 14 0 50 0.1
PASTO 2009 4 14 1 0 0.1
PASTO 2009 4 14 1 10 0.1
PASTO 2009 4 14 1 30 0.1
PASTO 2009 4 14 1 40 0.1
PASTO 2009 4 14 2 0 0.1
PASTO 2009 4 14 2 20 0.1
PASTO 2009 4 14 2 30 0.1
PASTO 2009 4 14 2 50 0.1
PASTO 2009 4 14 4 0 0.1
PASTO 2009 4 14 4 20 0.1
PASTO 2009 4 14 4 50 0.1
PASTO 2009 4 14 5 10 0.1
PASTO 2009 4 14 5 30 0.1
PASTO 2009 4 14 6 0 0.1
PASTO 2009 4 14 6 30 0.1
PASTO 2009 4 14 7 0 0.1
PASTO 2009 4 15 13 20 0.1
PASTO 2009 4 15 14 50 0.1
PASTO 2009 4 15 15 30 0.1
PASTO 2009 4 15 16 0 0.1
PASTO 2009 4 15 16 30 0.1
PASTO 2009 4 15 17 0 0.1
PASTO 2009 4 15 17 30 0.1
PASTO 2009 4 15 18 10 0.1
PASTO 2009 4 15 18 40 0.1
PASTO 2009 4 15 19 20 0.1
PASTO 2009 4 15 19 50 0.1
PASTO 2009 4 15 20 30 0.1
PASTO 2009 4 15 21 0 0.1
PASTO 2009 4 15 21 50 0.1
PASTO 2009 4 15 22 40 0.1
PASTO 2009 4 16 0 10 0.1
PASTO 2009 4 16 1 0 0.1
PASTO 2009 4 16 1 40 0.1
PASTO 2009 4 16 2 20 0.1
PASTO 2009 4 16 3 10 0.1
PASTO 2009 4 16 4 0 0.1
PASTO 2009 4 16 4 50 0.1
PASTO 2009 4 16 10 20 0.1
PASTO 2009 4 19 10 40 0.1
PASTO 2009 4 19 11 0 0.1
PASTO 2009 4 19 11 20 0.1
PASTO 2009 4 19 11 40 0.1
PASTO 2009 4 19 12 0 0.1
PASTO 2009 4 19 12 20 0.1
PASTO 2009 4 19 12 40 0.1
PASTO 2009 4 19 13 10 0.1
PASTO 2009 4 19 13 30 0.1
PASTO 2009 4 19 14 0 0.1
PASTO 2009 4 21 7 20 0.1
PASTO 2009 4 21 16 50 0.1
PASTO 2009 4 21 17 50 0.1
PASTO 2009 4 21 18 30 0.1
PASTO 2009 4 21 19 40 0.1
PASTO 2009 4 21 23 40 0.1
PASTO 2009 4 22 16 0 0.1
PASTO 2009 4 23 8 40 0.1
PASTO 2009 4 25 0 40 0.1
PASTO 2009 4 25 1 20 0.1
PASTO 2009 4 25 2 10 0.1
PASTO 2009 4 25 2 50 0.1
PASTO 2009 4 25 3 40 0.1
PASTO 2009 4 25 4 30 0.1
PASTO 2009 4 25 5 10 0.1
PASTO 2009 4 25 5 40 0.1
PASTO 2009 4 25 6 20 0.1
PASTO 2009 4 25 7 0 0.1
PASTO 2009 4 25 7 40 0.1
PASTO 2009 4 25 8 10 0.1
PASTO 2009 4 25 12 50 0.1
PASTO 2009 4 26 13 20 0.1
PASTO 2009 4 26 13 40 0.1
PASTO 2009 4 26 14 0 0.1
PASTO 2009 4 26 14 30 0.1
PASTO 2009 4 26 14 40 0.1
PASTO 2009 4 26 15 0 0.1
PASTO 2009 4 26 15 20 0.1
PASTO 2009 4 26 15 40 0.1
PASTO 2009 4 26 16 0 0.1
PASTO 2009 4 26 16 20 0.1
PASTO 2009 4 26 16 40 0.1
PASTO 2009 4 26 17 0 0.1
PASTO 2009 4 26 17 30 0.1
PASTO 2009 4 26 18 0 0.1
PASTO 2009 4 26 18 30 0.1
PASTO 2009 4 26 19 10 0.1
PASTO 2009 4 26 19 50 0.1
PASTO 2009 4 26 20 40 0.1
PASTO 2009 4 27 5 0 0.1
PASTO 2009 4 27 6 0 0.1
PASTO 2009 4 27 11 20 0.1
PASTO 2009 4 27 16 10 0.1
PASTO 2009 4 28 2 20 0.1
PASTO 2009 4 28 3 20 0.1
PASTO 2009 4 28 3 50 0.1
PASTO 2009 4 28 4 30 0.1
PASTO 2009 4 28 4 50 0.1
PASTO 2009 4 28 5 30 0.1
PASTO 2009 4 28 6 0 0.1
PASTO 2009 4 28 6 40 0.1
PASTO 2009 4 28 7 10 0.1
PASTO 2009 4 28 8 10 0.1
PASTO 2009 4 28 8 50 0.1
PASTO 2009 4 28 9 40 0.1
PASTO 2009 4 29 18 40 0.1
PASTO 2009 4 29 21 10 0.1
PASTO 2009 4 29 21 50 0.1
PASTO 2009 4 29 22 30 0.1
PASTO 2009 4 29 22 50 0.1
PASTO 2009 4 29 23 20 0.1
PASTO 2009 4 29 23 40 0.1
PASTO 2009 4 30 0 0 0.1
PASTO 2009 4 30 0 20 0.1
PASTO 2009 4 30 1 0 0.1
PASTO 2009 4 30 1 20 0.1
PASTO 2009 4 30 2 0 0.1
PASTO 2009 4 30 2 20 0.1
PASTO 2009 4 30 3 0 0.1
PASTO 2009 4 30 3 20 0.1
PASTO 2009 4 30 4 10 0.1
PASTO 2009 4 30 4 30 0.1
PASTO 2009 4 30 5 10 0.1
PASTO 2009 4 30 5 30 0.1
PASTO 2009 4 30 6 10 0.1
PASTO 2009 4 30 6 40 0.1
PASTO 2009 4 30 7 10 0.1
PASTO 2009 4 30 7 40 0.1
PASTO 2009 4 30 8 10 0.1
PASTO 2009 4 30 8 40 0.1
PASTO 2009 4 30 9 20 0.1
PASTO 2009 4 30 9 50 0.1
PASTO 2009 4 30 10 20 0.1
PASTO 2009 4 30 10 50 0.1
PASTO 2009 4 30 11 20 0.1
PASTO 2009 4 30 11 40 0.1
PASTO 2009 4 30 12 10 0.1
PASTO 2009 4 30 12 30 0.1
PASTO 2009 4 30 12 50 0.1
PASTO 2009 4 30 13 20 0.1
PASTO 2009 4 30 13 40 0.1
PASTO 2009 4 30 14 0 0.1
PASTO 2009 4 30 14 20 0.1
PASTO 2009 4 30 14 40 0.1
PASTO 2009 4 30 15 0 0.1
PASTO 2009 4 30 15 20 0.1
PASTO 2009 4 30 15 40 0.1
PASTO 2009 4 30 16 0 0.1
PASTO 2009 4 30 16 30 0.1
PASTO 2009 4 30 16 50 0.1
PASTO 2009 4 30 17 20 0.1
PASTO 2009 4 30 17 50 0.1
PASTO 2009 4 30 18 20 0.1
PASTO 2009 4 30 18 40 0.1
PASTO 2009 4 30 19 10 0.1
PASTO 2009 4 30 19 30 0.1
PASTO 2009 4 30 20 0 0.1
PASTO 2009 4 30 20 20 0.1
PASTO 2009 4 30 20 50 0.1
PASTO 2009 4 30 21 10 0.1
PASTO 2009 4 30 21 40 0.1
PASTO 2009 4 30 22 0 0.1
PASTO 2009 4 30 22 30 0.1
PASTO 2009 4 30 22 50 0.1
PASTO 2009 4 30 23 20 0.1
PASTO 2009 4 30 23 40 0.1
PASTO 2009 5 1 0 20 0.1
PASTO 2009 5 1 0 40 0.1
PASTO 2009 5 1 1 10 0.1
PASTO 2009 5 1 1 30 0.1
PASTO 2009 5 1 2 0 0.1
PASTO 2009 5 1 2 30 0.1
PASTO 2009 5 1 3 0 0.1
PASTO 2009 5 1 3 20 0.1
PASTO 2009 5 1 3 50 0.1
PASTO 2009 5 1 4 20 0.1
PASTO 2009 5 1 4 50 0.1
PASTO 2009 5 1 5 20 0.1
PASTO 2009 5 1 5 50 0.1
PASTO 2009 5 1 6 10 0.1
PASTO 2009 5 1 6 40 0.1
PASTO 2009 5 1 7 10 0.1
PASTO 2009 5 1 7 40 0.1
PASTO 2009 5 1 8 10 0.1
PASTO 2009 5 1 8 50 0.1
PASTO 2009 5 1 9 10 0.1
PASTO 2009 5 1 9 40 0.1
PASTO 2009 5 1 10 0 0.1
PASTO 2009 5 1 10 20 0.1
PASTO 2009 5 1 10 50 0.1
PASTO 2009 5 1 11 20 0.1
PASTO 2009 5 2 18 10 0.1
PASTO 2009 5 2 19 0 0.1
PASTO 2009 5 2 20 0 0.1
PASTO 2009 5 3 3 0 0.1
PASTO 2009 5 3 3 50 0.1
PASTO 2009 5 3 4 50 0.1
PASTO 2009 5 3 5 50 0.1
PASTO 2009 5 3 12 30 0.1
PASTO 2009 5 3 13 0 0.1
PASTO 2009 5 3 13 30 0.1
PASTO 2009 5 3 14 0 0.1
PASTO 2009 5 3 14 30 0.1
PASTO 2009 5 3 15 10 0.1
PASTO 2009 5 3 15 40 0.1
PASTO 2009 5 3 16 10 0.1
PASTO 2009 5 3 16 40 0.1
PASTO 2009 5 3 17 10 0.1
PASTO 2009 5 3 17 50 0.1
PASTO 2009 5 3 18 30 0.1
PASTO 2009 5 3 18 50 0.1
PASTO 2009 5 3 19 20 0.1
PASTO 2009 5 3 19 40 0.1
PASTO 2009 5 3 20 0 0.1
PASTO 2009 5 3 20 20 0.1
PASTO 2009 5 3 20 40 0.1
PASTO 2009 5 3 21 0 0.1
PASTO 2009 5 3 21 20 0.1
PASTO 2009 5 3 21 40 0.1
PASTO 2009 5 3 22 10 0.1
PASTO 2009 5 3 22 30 0.1
PASTO 2009 5 3 22 50 0.1
PASTO 2009 5 3 23 20 0.1
PASTO 2009 5 3 23 40 0.1
PASTO 2009 5 4 0 0 0.1
PASTO 2009 5 4 0 30 0.1
PASTO 2009 5 4 1 0 0.1
PASTO 2009 5 4 1 20 0.1
PASTO 2009 5 4 1 50 0.1
PASTO 2009 5 4 2 10 0.1
PASTO 2009 5 4 2 40 0.1
PASTO 2009 5 4 3 20 0.1
PASTO 2009 5 4 3 50 0.1
PASTO 2009 5 4 4 30 0.1
PASTO 2009 5 4 5 0 0.1
PASTO 2009 5 4 5 30 0.1
PASTO 2009 5 4 6 0 0.1
PASTO 2009 5 4 6 30 0.1
PASTO 2009 5 4 7 10 0.1
PASTO 2009 5 4 7 30 0.1
PASTO 2009 5 4 8 10 0.1
PASTO 2009 5 4 8 40 0.1
PASTO 2009 5 4 9 0 0.1
PASTO 2009 5 4 9 30 0.1
PASTO 2009 5 4 9 50 0.1
PASTO 2009 5 4 10 20 0.1
PASTO 2009 5 4 10 40 0.1
PASTO 2009 5 4 11 0 0.1
PASTO 2009 5 4 11 20 0.1
PASTO 2009 5 4 11 40 0.1
PASTO 2009 5 4 12 0 0.1
PASTO 2009 5 4 12 20 0.1
PASTO 2009 5 4 12 40 0.1
PASTO 2009 5 4 13 20 0.1
PASTO 2009 5 4 13 40 0.1
PASTO 2009 5 4 14 0 0.1
PASTO 2009 5 4 14 20 0.1
PASTO 2009 5 4 14 50 0.1
PASTO 2009 5 4 15 10 0.1
PASTO 2009 5 4 15 40 0.1
PASTO 2009 5 4 15 50 0.1
PASTO 2009 5 4 16 10 0.1
PASTO 2009 5 4 16 30 0.1
PASTO 2009 5 4 17 0 0.1
PASTO 2009 5 4 17 20 0.1
PASTO 2009 5 4 17 40 0.1
PASTO 2009 5 4 18 10 0.1
PASTO 2009 5 4 18 40 0.1
PASTO 2009 5 4 19 20 0.1
PASTO 2009 5 4 20 0 0.1
PASTO 2009 5 4 20 50 0.1
PASTO 2009 5 4 21 30 0.1
PASTO 2009 5 4 22 30 0.1
PASTO 2009 5 4 23 20 0.1
PASTO 2009 5 5 0 30 0.1
PASTO 2009 5 5 1 50 0.1
PASTO 2009 5 5 17 0 0.1
PASTO 2009 5 5 17 40 0.1
PASTO 2009 5 5 18 20 0.1
PASTO 2009 5 5 19 0 0.1
PASTO 2009 5 5 19 30 0.1
PASTO 2009 5 5 20 10 0.1
PASTO 2009 5 5 21 0 0.1
PASTO 2009 5 5 21 50 0.1
PASTO 2009 5 5 22 40 0.1
PASTO 2009 5 6 17 40 1.4
PASTO 2009 5 6 18 10 0.1
PASTO 2009 5 6 18 20 0.1
PASTO 2009 5 6 18 40 0.1
PASTO 2009 5 7 7 30 0.1
PASTO 2009 5 7 14 40 0.1
PASTO 2009 5 7 15 0 0.1
PASTO 2009 5 7 15 50 0.1
PASTO 2009 5 7 16 0 0.2
PASTO 2009 5 7 16 10 0.1
PASTO 2009 5 7 16 20 0.2
PASTO 2009 5 7 17 0 0.1
PASTO 2009 5 8 14 10 0.3
PASTO 2009 5 8 14 20 0.1
PASTO 2009 5 8 14 30 0.1
PASTO 2009 5 8 14 50 0.1
PASTO 2009 5 9 6 20 0.1
PASTO 2009 5 9 6 30 0.1
PASTO 2009 5 9 6 40 0.2
PASTO 2009 5 9 10 40 0.1
PASTO 2009 5 11 7 40 0.1
PASTO 2009 5 11 12 30 0.6
PASTO 2009 5 11 12 40 0.2
PASTO 2009 5 11 13 10 0.1
PASTO 2009 5 13 13 0 0.1
PASTO 2009 5 13 13 10 0.2
PASTO 2009 5 13 13 20 0.2
PASTO 2009 5 13 16 40 0.1
PASTO 2009 5 13 16 50 0.1
PASTO 2009 5 17 19 10 0.7
PASTO 2009 5 17 19 20 2
PASTO 2009 5 17 19 30 1
PASTO 2009 5 17 19 50 0.1
PASTO 2009 5 23 23 50 0.1
PASTO 2009 5 24 0 0 0.6
PASTO 2009 5 24 0 10 1.1
PASTO 2009 5 24 0 20 1.1
PASTO 2009 5 24 0 30 1.2
PASTO 2009 5 24 0 40 0.9
PASTO 2009 5 24 0 50 0.4
PASTO 2009 5 24 1 0 0.4
PASTO 2009 5 24 1 10 0.5
PASTO 2009 5 24 1 20 0.7
PASTO 2009 5 24 1 30 0.9
PASTO 2009 5 24 1 40 0.9
PASTO 2009 5 24 1 50 1.4
PASTO 2009 5 24 2 0 1
PASTO 2009 5 24 2 10 0.9
PASTO 2009 5 24 2 20 0.6
PASTO 2009 5 24 2 30 0.7
PASTO 2009 5 24 2 40 0.4
PASTO 2009 5 24 3 10 0.1
PASTO 2009 5 24 3 20 0.1
PASTO 2009 5 24 3 40 0.1
PASTO 2009 5 24 3 50 0.1
PASTO 2009 5 25 4 30 0.1
PASTO 2009 5 25 4 40 0.1
PASTO 2009 5 25 5 0 0.1
PASTO 2009 5 25 5 20 0.1
PASTO 2009 5 27 4 10 0.2
PASTO 2009 5 27 4 20 0.1
PASTO 2009 5 27 4 30 0.1
PASTO 2009 5 27 4 50 0.1
PASTO 2009 5 27 6 20 0.1
PASTO 2009 5 29 14 50 0.1
PASTO 2009 5 29 18 40 0.3
PASTO 2009 6 2 6 50 0.2
PASTO 2009 6 3 8 50 0.1
PASTO 2009 6 3 11 20 0.1
PASTO 2009 6 3 18 10 0.1
PASTO 2009 6 3 18 20 0.1
PASTO 2009 6 3 18 40 0.1
PASTO 2009 6 3 19 10 0.1
PASTO 2009 6 5 13 40 0.1
PASTO 2009 6 6 3 20 0.1
PASTO 2009 6 6 3 50 0.1
PASTO 2009 6 6 17 50 0.1
PASTO 2009 6 7 12 50 0.2
PASTO 2009 6 7 13 0 0.5
PASTO 2009 6 7 13 10 0.1
PASTO 2009 6 7 20 20 0.2
PASTO 2009 6 7 20 40 0.1
PASTO 2009 6 7 20 50 0.1
PASTO 2009 6 7 21 20 0.1
PASTO 2009 6 7 21 40 0.1
PASTO 2009 6 8 3 0 0.1
PASTO 2009 6 10 1 30 0.1
PASTO 2009 6 10 1 40 0.2
PASTO 2009 6 10 1 50 0.1
PASTO 2009 6 10 2 0 0.1
PASTO 2009 6 10 15 20 0.4
PASTO 2009 6 10 15 30 0.9
PASTO 2009 6 10 15 40 1.1
PASTO 2009 6 10 15 50 0.6
PASTO 2009 6 10 16 0 0.7
PASTO 2009 6 10 16 10 0.4
PASTO 2009 6 10 16 20 0.1
PASTO 2009 6 10 16 40 0.1
PASTO 2009 6 10 17 0 0.1
PASTO 2009 6 11 20 0 0.1
PASTO 2009 6 11 20 10 0.2
PASTO 2009 6 11 20 20 0.1
PASTO 2009 6 11 20 50 0.1
PASTO 2009 6 12 2 50 0.1
PASTO 2009 6 13 11 0 0.2
PASTO 2009 6 13 11 10 0.3
PASTO 2009 6 13 11 20 0.1
PASTO 2009 6 13 11 30 0.2
PASTO 2009 6 15 10 0 0.7
PASTO 2009 6 15 10 10 0.4
PASTO 2009 6 15 11 20 0.1
PASTO 2009 6 15 11 40 0.1
PASTO 2009 6 15 12 30 0.4
PASTO 2009 6 15 12 40 0.1
PASTO 2009 6 15 13 30 0.1
PASTO 2009 6 15 13 40 0.1
PASTO 2009 6 15 13 50 0.2
PASTO 2009 6 15 16 50 0.1
PASTO 2009 6 15 17 0 0.1
PASTO 2009 6 15 17 10 0.1
PASTO 2009 6 15 17 30 0.4
PASTO 2009 6 15 17 40 0.2
PASTO 2009 6 16 1 40 0.7
PASTO 2009 6 16 1 50 0.6
PASTO 2009 6 16 2 0 0.4
PASTO 2009 6 16 2 10 0.3
PASTO 2009 6 16 2 20 0.2
PASTO 2009 6 16 3 0 0.4
PASTO 2009 6 16 3 20 1
PASTO 2009 6 16 3 30 1.2
PASTO 2009 6 16 3 40 0.6
PASTO 2009 6 16 3 50 0.2
PASTO 2009 6 16 4 0 0.2
PASTO 2009 6 16 4 20 0.2
PASTO 2009 6 16 4 30 0.2
PASTO 2009 6 16 4 40 0.2
PASTO 2009 6 16 4 50 0.1
PASTO 2009 6 16 8 50 0.1
PASTO 2009 6 16 13 20 0.4
PASTO 2009 6 16 13 30 0.2
PASTO 2009 6 16 13 40 0.1
PASTO 2009 6 16 13 50 1.2
PASTO 2009 6 16 14 0 0.2
PASTO 2009 6 16 14 10 0.8
PASTO 2009 6 16 14 20 0.4
PASTO 2009 6 16 14 30 2
PASTO 2009 6 16 14 40 0.3
PASTO 2009 6 16 16 20 0.1
PASTO 2009 6 16 16 30 0.1
PASTO 2009 6 17 8 0 0.1
PASTO 2009 6 18 11 10 0.1
PASTO 2009 6 18 11 20 0.4
PASTO 2009 6 18 11 30 0.2
PASTO 2009 6 18 11 40 0.2
PASTO 2009 6 19 9 10 0.2
PASTO 2009 6 19 9 30 0.3
PASTO 2009 6 19 9 40 0.5
PASTO 2009 6 19 9 50 0.2
PASTO 2009 6 19 10 20 0.2
PASTO 2009 6 27 13 40 0.1
PASTO 2009 6 28 13 30 0.1
PASTO 2009 6 28 14 30 0.1
PASTO 2009 6 28 15 0 0.1
PASTO 2009 6 28 15 50 0.2
PASTO 2009 6 28 16 20 0.1
PASTO 2009 6 28 16 30 0.1
PASTO 2009 6 29 11 0 0.2
PASTO 2009 6 30 4 10 0.2
PASTO 2009 6 30 4 20 0.5
PASTO 2009 6 30 4 30 0.5
PASTO 2009 6 30 4 40 0.2
PASTO 2009 6 30 5 0 0.1
PASTO 2009 6 30 5 10 0.1
PASTO 2009 6 30 5 20 0.3
PASTO 2009 6 30 5 50 0.2
PASTO 2009 6 30 6 0 0.4
PASTO 2009 6 30 6 10 0.3
PASTO 2009 6 30 6 20 0.4
PASTO 2009 6 30 6 30 0.1
PASTO 2009 6 30 6 40 0.2
PASTO 2009 6 30 6 50 0.1
PASTO 2009 6 30 8 10 0.1
PASTO 2009 7 1 2 30 0.1
PASTO 2009 7 1 3 0 0.1
PASTO 2009 7 1 3 20 0.1
PASTO 2009 7 1 3 30 0.1
PASTO 2009 7 1 3 40 0.1
PASTO 2009 7 1 3 50 0.1
PASTO 2009 7 1 4 10 0.1
PASTO 2009 7 1 4 20 0.2
PASTO 2009 7 1 6 0 0.1
PASTO 2009 7 2 2 10 0.1
PASTO 2009 7 2 2 30 0.1
PASTO 2009 7 2 3 0 0.2
PASTO 2009 7 2 3 20 0.1
PASTO 2009 7 2 8 50 0.1
PASTO 2009 7 7 0 50 0.1
PASTO 2009 7 7 1 30 0.5
PASTO 2009 7 7 1 40 0.8
PASTO 2009 7 7 1 50 0.8
PASTO 2009 7 7 2 0 0.4
PASTO 2009 7 7 2 10 0.2
PASTO 2009 7 7 2 20 0.5
PASTO 2009 7 7 2 30 0.7
PASTO 2009 7 7 2 40 0.4
PASTO 2009 7 7 3 0 0.1
PASTO 2009 7 7 3 10 0.1
PASTO 2009 7 7 12 10 0.4
PASTO 2009 7 7 12 20 0.1
PASTO 2009 7 7 12 40 0.1
PASTO 2009 7 7 18 0 0.1
PASTO 2009 7 7 18 10 0.1
PASTO 2009 7 7 18 20 0.2
PASTO 2009 7 7 18 30 0.2
PASTO 2009 7 7 18 40 0.2
PASTO 2009 7 7 19 10 0.2
PASTO 2009 7 7 19 30 0.4
PASTO 2009 7 7 19 40 0.2
PASTO 2009 7 7 19 50 0.2
PASTO 2009 7 8 2 10 0.1
PASTO 2009 7 8 6 50 0.1
PASTO 2009 7 10 9 20 0.1
PASTO 2009 7 10 9 30 0.1
PASTO 2009 7 13 4 30 0.1
PASTO 2009 7 13 4 40 0.3
PASTO 2009 7 13 4 50 0.1
PASTO 2009 7 15 4 40 0.1
PASTO 2009 7 18 9 50 0.1
PASTO 2009 7 18 10 10 0.1
PASTO 2009 7 18 11 30 0.1
PASTO 2009 7 18 11 40 0.3
PASTO 2009 7 18 11 50 0.9
PASTO 2009 7 18 12 0 0.5
PASTO 2009 7 18 12 10 0.5
PASTO 2009 7 18 12 20 0.2
PASTO 2009 7 18 12 30 0.1
PASTO 2009 7 18 12 40 0.1
PASTO 2009 7 18 14 0 0.1
PASTO 2009 7 18 14 20 0.2
PASTO 2009 7 18 15 50 0.2
PASTO 2009 7 18 17 20 0.1
PASTO 2009 7 19 14 10 0.2
PASTO 2009 7 19 14 30 0.1
PASTO 2009 7 19 15 20 0.1
PASTO 2009 7 19 15 30 0.4
PASTO 2009 7 19 15 50 0.1
PASTO 2009 7 19 16 0 0.1
PASTO 2009 7 19 17 10 0.2
PASTO 2009 7 19 18 40 0.1
PASTO 2009 7 20 6 40 0.1
PASTO 2009 7 20 10 40 0.4
PASTO 2009 7 23 16 50 0.1
PASTO 2009 7 23 17 0 0.1
PASTO 2009 7 23 17 10 0.1
PASTO 2009 7 23 17 20 0.1
PASTO 2009 7 23 20 30 0.1
PASTO 2009 7 25 3 0 0.1
PASTO 2009 7 25 3 10 0.2
PASTO 2009 7 25 8 30 0.1
PASTO 2009 7 25 16 30 0.1
PASTO 2009 7 25 16 50 0.1
PASTO 2009 7 27 16 20 0.1
PASTO 2009 7 27 16 30 0.1
PASTO 2009 7 28 14 10 0.2
PASTO 2009 7 31 10 40 0.1
PASTO 2009 7 31 11 0 0.1
PASTO 2009 8 2 4 40 0.1
PASTO 2009 8 3 6 50 0.1
PASTO 2009 8 3 21 30 0.1
PASTO 2009 8 6 5 20 0.1
PASTO 2009 8 6 5 40 0.1
PASTO 2009 8 6 5 50 0.1
PASTO 2009 8 6 6 0 0.1
PASTO 2009 8 6 6 10 0.1
PASTO 2009 8 6 11 0 0.1
PASTO 2009 8 7 3 40 0.1
PASTO 2009 8 7 3 50 0.2
PASTO 2009 8 7 4 0 0.3
PASTO 2009 8 7 4 10 0.1
PASTO 2009 8 7 4 20 0.2
PASTO 2009 8 7 4 30 0.3
PASTO 2009 8 7 4 40 0.1
PASTO 2009 8 7 4 50 0.3
PASTO 2009 8 7 5 0 0.2
PASTO 2009 8 7 5 50 0.3
PASTO 2009 8 7 6 0 0.2
PASTO 2009 8 7 6 10 0.2
PASTO 2009 8 7 6 20 0.1
PASTO 2009 8 7 16 30 0.1
PASTO 2009 8 7 20 40 0.1
PASTO 2009 8 8 15 0 0.1
PASTO 2009 8 8 15 20 0.1
PASTO 2009 8 8 15 30 0.2
PASTO 2009 8 8 15 40 0.1
PASTO 2009 8 8 15 50 0.1
PASTO 2009 8 8 16 0 0.1
PASTO 2009 8 11 3 30 0.1
PASTO 2009 8 11 3 40 0.1
PASTO 2009 8 11 3 50 0.1
PASTO 2009 8 11 4 50 0.1
PASTO 2009 8 11 13 20 0.1
PASTO 2009 8 11 13 30 0.1
PASTO 2009 8 11 13 40 0.1
PASTO 2009 8 11 13 50 0.4
PASTO 2009 8 11 14 0 0.2
PASTO 2009 8 12 13 0 0.1
PASTO 2009 8 12 15 20 0.1
PASTO 2009 8 12 15 30 0.4
PASTO 2009 8 12 15 40 0.3
PASTO 2009 8 12 15 50 0.3
PASTO 2009 8 16 13 0 0.1
PASTO 2009 8 16 13 40 0.5
PASTO 2009 8 16 13 50 1.1
PASTO 2009 8 16 14 0 0.1
PASTO 2009 8 16 15 50 0.2
PASTO 2009 8 16 16 0 0.9
PASTO 2009 8 16 16 10 0.8
PASTO 2009 8 16 16 20 2.4
PASTO 2009 8 16 16 30 1.1
PASTO 2009 8 16 16 40 0.1
PASTO 2009 8 17 4 50 0.1
PASTO 2009 8 17 19 40 0.1
PASTO 2009 8 19 2 30 0.1
PASTO 2009 8 19 2 40 0.1
PASTO 2009 8 19 2 50 0.2
PASTO 2009 8 19 3 0 0.1
PASTO 2009 8 19 3 10 0.1
PASTO 2009 8 19 4 0 0.1
PASTO 2009 8 19 10 20 0.1
PASTO 2009 8 19 10 30 0.4
PASTO 2009 8 19 10 40 4.7
PASTO 2009 8 19 10 50 2.3
PASTO 2009 8 24 7 20 0.1
PASTO 2009 8 24 7 30 0.3
PASTO 2009 8 24 7 40 0.4
PASTO 2009 8 24 7 50 0.2
PASTO 2009 8 24 8 0 0.2
PASTO 2009 8 24 17 50 0.1
PASTO 2009 8 24 18 30 0.2
PASTO 2009 8 24 18 40 0.1
PASTO 2009 8 24 19 0 0.1
PASTO 2009 8 24 19 10 0.1
PASTO 2009 8 24 19 20 0.1
PASTO 2009 8 24 19 50 0.1
PASTO 2009 8 25 3 10 0.2
PASTO 2009 8 25 5 50 0.1
PASTO 2009 8 25 6 0 0.1
PASTO 2009 8 25 9 10 0.1
PASTO 2009 8 26 14 40 0.1
PASTO 2009 8 29 12 40 0.2
PASTO 2009 8 29 12 50 0.5
PASTO 2009 8 29 13 0 0.1
PASTO 2009 8 29 13 20 0.1
PASTO 2009 9 3 23 10 0.1
PASTO 2009 9 3 23 20 0.2
PASTO 2009 9 4 9 30 0.1
PASTO 2009 9 4 9 40 0.1
PASTO 2009 9 4 10 40 0.1
PASTO 2009 9 4 11 0 0.1
PASTO 2009 9 4 13 50 0.1
PASTO 2009 9 10 8 20 0.1
PASTO 2009 9 10 11 10 0.4
PASTO 2009 9 10 11 20 0.2
PASTO 2009 9 11 22 20 0.2
PASTO 2009 9 11 22 30 0.3
PASTO 2009 9 11 22 40 0.1
PASTO 2009 9 11 22 50 0.1
PASTO 2009 9 12 1 0 0.1
PASTO 2009 9 15 12 10 0.1
PASTO 2009 9 15 12 20 1.5
PASTO 2009 9 15 12 30 2.3
PASTO 2009 9 15 12 40 2.3
PASTO 2009 9 15 12 50 4.6
PASTO 2009 9 15 13 0 3.2
PASTO 2009 9 15 13 10 0.8
PASTO 2009 9 15 13 20 0.7
PASTO 2009 9 15 13 30 1.3
PASTO 2009 9 15 13 40 0.5
PASTO 2009 9 15 13 50 0.3
PASTO 2009 9 15 14 0 0.2
PASTO 2009 9 15 14 10 0.2
PASTO 2009 9 15 14 20 0.5
PASTO 2009 9 15 14 30 0.4
PASTO 2009 9 15 14 40 0.2
PASTO 2009 9 15 14 50 0.2
PASTO 2009 9 15 15 0 0.1
PASTO 2009 9 15 15 10 0.4
PASTO 2009 9 15 15 20 0.5
PASTO 2009 9 15 15 30 0.8
PASTO 2009 9 15 15 40 0.1
PASTO 2009 9 15 20 30 0.6
PASTO 2009 9 15 20 40 2.4
PASTO 2009 9 15 20 50 2.8
PASTO 2009 9 15 21 0 0.9
PASTO 2009 9 15 21 10 0.4
PASTO 2009 9 15 21 20 0.4
PASTO 2009 9 15 21 30 0.2
PASTO 2009 9 15 21 50 0.1
PASTO 2009 9 22 3 30 0.1
PASTO 2009 9 22 6 20 0.1
PASTO 2009 9 25 7 30 0.1
PASTO 2009 9 27 22 30 0.1
PASTO 2009 9 27 23 20 0.1
PASTO 2009 9 28 0 20 0.1
PASTO 2009 9 28 0 40 0.1
PASTO 2009 9 28 1 50 0.1
PASTO 2009 9 28 5 50 0.3
PASTO 2009 9 28 6 0 0.1
PASTO 2009 9 28 7 10 0.1
PASTO 2009 9 28 10 30 0.1
PASTO 2009 9 28 11 50 0.1
PASTO 2009 9 28 12 0 0.3
PASTO 2009 9 28 12 20 0.1
PASTO 2009 9 28 12 30 0.1
PASTO 2009 9 28 12 40 0.2
PASTO 2009 9 28 12 50 0.1
PASTO 2009 9 28 13 10 0.1
PASTO 2009 9 28 13 20 0.8
PASTO 2009 9 28 13 40 0.1
PASTO 2009 9 30 8 10 0.1
PASTO 2009 10 6 22 30 0.2
PASTO 2009 10 6 22 40 0.2
PASTO 2009 10 7 4 40 0.1
PASTO 2009 10 7 15 0 0.1
PASTO 2009 10 9 14 10 0.1
PASTO 2009 10 11 15 40 1
PASTO 2009 10 11 15 50 0.6
PASTO 2009 10 11 16 0 1.1
PASTO 2009 10 11 16 10 0.7
PASTO 2009 10 11 16 20 0.2
PASTO 2009 10 11 17 0 0.1
PASTO 2009 10 11 17 10 0.1
PASTO 2009 10 11 17 20 0.3
PASTO 2009 10 11 17 30 0.3
PASTO 2009 10 11 17 40 0.4
PASTO 2009 10 11 17 50 0.2
PASTO 2009 10 11 19 0 0.1
PASTO 2009 10 11 19 10 0.1
PASTO 2009 10 11 19 20 0.1
PASTO 2009 10 11 19 30 0.1
PASTO 2009 10 11 19 50 0.2
PASTO 2009 10 11 20 0 0.3
PASTO 2009 10 11 20 10 0.1
PASTO 2009 10 11 20 20 0.2
PASTO 2009 10 11 20 40 0.2
PASTO 2009 10 11 20 50 0.1
PASTO 2009 10 11 21 0 0.2
PASTO 2009 10 11 21 10 0.1
PASTO 2009 10 11 21 40 0.1
PASTO 2009 10 11 21 50 0.2
PASTO 2009 10 11 22 0 0.6
PASTO 2009 10 11 22 10 0.7
PASTO 2009 10 11 22 20 0.4
PASTO 2009 10 11 22 30 0.8
PASTO 2009 10 11 22 40 1.1
PASTO 2009 10 11 22 50 0.9
PASTO 2009 10 11 23 0 0.5
PASTO 2009 10 11 23 10 0.3
PASTO 2009 10 11 23 20 0.3
PASTO 2009 10 11 23 30 0.2
PASTO 2009 10 11 23 40 0.1
PASTO 2009 10 11 23 50 0.1
PASTO 2009 10 12 0 0 0.1
PASTO 2009 10 12 0 10 0.1
PASTO 2009 10 12 0 20 0.3
PASTO 2009 10 12 0 30 0.1
PASTO 2009 10 12 0 40 0.1
PASTO 2009 10 12 0 50 0.2
PASTO 2009 10 12 1 0 0.4
PASTO 2009 10 12 1 10 0.2
PASTO 2009 10 12 1 20 0.1
PASTO 2009 10 12 2 40 0.1
PASTO 2009 10 12 3 10 0.2
PASTO 2009 10 12 3 20 0.2
PASTO 2009 10 12 3 30 0.1
PASTO 2009 10 12 3 50 0.1
PASTO 2009 10 12 5 50 0.1
PASTO 2009 10 12 13 20 0.5
PASTO 2009 10 12 13 30 1
PASTO 2009 10 12 13 40 0.4
PASTO 2009 10 12 13 50 0.2
PASTO 2009 10 12 14 0 0.1
PASTO 2009 10 12 14 20 0.1
PASTO 2009 10 13 16 10 0.1
PASTO 2009 10 13 16 20 0.5
PASTO 2009 10 13 16 30 0.5
PASTO 2009 10 13 16 40 0.1
PASTO 2009 10 13 16 50 0.2
PASTO 2009 10 13 17 0 0.1
PASTO 2009 10 13 17 10 0.1
PASTO 2009 10 13 17 40 0.2
PASTO 2009 10 13 18 0 0.1
PASTO 2009 10 13 18 20 0.1
PASTO 2009 10 13 18 50 0.1
PASTO 2009 10 14 16 10 0.2
PASTO 2009 10 14 16 20 0.6
PASTO 2009 10 14 16 30 0.6
PASTO 2009 10 14 16 40 0.2
PASTO 2009 10 14 16 50 0.2
PASTO 2009 10 14 17 0 0.3
PASTO 2009 10 14 17 30 0.1
PASTO 2009 10 14 18 20 0.1
PASTO 2009 10 14 18 50 0.5
PASTO 2009 10 14 20 20 0.1
PASTO 2009 10 14 20 30 0.5
PASTO 2009 10 14 20 40 0.8
PASTO 2009 10 14 20 50 0.6
PASTO 2009 10 14 21 0 0.2
PASTO 2009 10 18 4 50 0.1
PASTO 2009 10 18 17 10 0.3
PASTO 2009 10 18 17 20 0.4
PASTO 2009 10 19 0 0 1.4
PASTO 2009 10 19 0 10 1.4
PASTO 2009 10 19 0 20 0.5
PASTO 2009 10 19 0 30 0.3
PASTO 2009 10 19 0 40 0.4
PASTO 2009 10 19 0 50 0.3
PASTO 2009 10 19 1 0 0.1
PASTO 2009 10 19 1 10 0.5
PASTO 2009 10 19 1 20 0.4
PASTO 2009 10 19 1 30 0.3
PASTO 2009 10 19 1 50 0.1
PASTO 2009 10 19 2 0 0.2
PASTO 2009 10 19 2 10 0.4
PASTO 2009 10 19 2 20 0.2
PASTO 2009 10 19 2 30 0.3
PASTO 2009 10 19 2 40 0.1
PASTO 2009 10 19 2 50 0.1
PASTO 2009 10 19 14 10 5.2
PASTO 2009 10 19 14 20 6.8
PASTO 2009 10 19 14 30 2.8
PASTO 2009 10 19 14 40 1.1
PASTO 2009 10 19 14 50 0.2
PASTO 2009 10 19 15 0 0.1
PASTO 2009 10 19 15 10 0.1
PASTO 2009 10 19 15 20 0.1
PASTO 2009 10 19 16 30 0.1
PASTO 2009 10 19 16 40 0.1
PASTO 2009 10 19 17 10 0.1
PASTO 2009 10 19 18 50 0.1
PASTO 2009 10 19 19 0 0.2
PASTO 2009 10 19 19 10 0.1
PASTO 2009 10 19 19 20 0.1
PASTO 2009 10 19 19 40 0.1
PASTO 2009 10 19 19 50 0.1
PASTO 2009 10 19 20 0 0.1
PASTO 2009 10 19 20 10 0.1
PASTO 2009 10 19 20 30 0.1
PASTO 2009 10 19 20 40 0.1
PASTO 2009 10 19 21 40 0.1
PASTO 2009 10 20 14 10 0.1
PASTO 2009 10 20 14 20 0.5
PASTO 2009 10 20 14 30 2.3
PASTO 2009 10 20 14 40 2.8
PASTO 2009 10 20 14 50 1
PASTO 2009 10 20 15 0 0.4
PASTO 2009 10 20 15 10 0.3
PASTO 2009 10 20 15 20 0.1
PASTO 2009 10 20 15 30 0.2
PASTO 2009 10 20 16 0 0.2
PASTO 2009 10 20 16 20 0.1
PASTO 2009 10 20 16 40 0.1
PASTO 2009 10 20 16 50 0.1
PASTO 2009 10 20 17 20 0.1
PASTO 2009 10 21 19 20 0.4
PASTO 2009 10 21 19 30 0.6
PASTO 2009 10 21 19 50 0.1
PASTO 2009 10 21 21 30 0.1
PASTO 2009 10 21 23 20 0.1
PASTO 2009 10 21 23 40 0.1
PASTO 2009 10 22 0 20 0.6
PASTO 2009 10 22 0 30 0.5
PASTO 2009 10 22 0 40 1.3
PASTO 2009 10 22 0 50 1
PASTO 2009 10 22 1 0 0.6
PASTO 2009 10 22 1 10 0.9
PASTO 2009 10 22 1 20 0.8
PASTO 2009 10 22 1 30 1.2
PASTO 2009 10 22 1 40 0.7
PASTO 2009 10 22 1 50 0.8
PASTO 2009 10 22 2 0 0.9
PASTO 2009 10 22 2 10 0.5
PASTO 2009 10 22 2 20 0.2
PASTO 2009 10 22 2 30 0.3
PASTO 2009 10 22 2 40 0.2
PASTO 2009 10 22 2 50 0.3
PASTO 2009 10 22 3 0 0.2
PASTO 2009 10 22 3 10 0.4
PASTO 2009 10 22 3 20 0.5
PASTO 2009 10 22 3 30 0.5
PASTO 2009 10 22 3 40 0.6
PASTO 2009 10 22 3 50 0.4
PASTO 2009 10 22 4 0 0.3
PASTO 2009 10 22 4 10 0.2
PASTO 2009 10 22 4 20 0.3
PASTO 2009 10 22 4 40 0.2
PASTO 2009 10 22 4 50 0.1
PASTO 2009 10 22 5 0 0.1
PASTO 2009 10 22 5 20 0.2
PASTO 2009 10 22 5 50 0.1
PASTO 2009 10 22 6 0 0.1
PASTO 2009 10 24 14 50 2.7
PASTO 2009 10 24 15 0 3.4
PASTO 2009 10 24 15 10 1.7
PASTO 2009 10 24 15 20 0.1
PASTO 2009 10 25 9 40 0.1
PASTO 2009 10 31 3 10 0.4
PASTO 2009 10 31 3 20 0.5
PASTO 2009 10 31 3 30 0.1
PASTO 2009 10 31 4 0 0.1
PASTO 2009 10 31 5 10 0.1
PASTO 2009 10 31 5 20 0.1
PASTO 2009 10 31 5 30 0.1
PASTO 2009 10 31 6 40 0.3
PASTO 2009 10 31 6 50 0.3
PASTO 2009 10 31 7 0 0.1
PASTO 2009 10 31 7 10 0.1
PASTO 2009 10 31 7 20 0.1
PASTO 2009 10 31 7 30 0.1
PASTO 2009 10 31 16 10 0.2
PASTO 2009 10 31 16 20 0.4
PASTO 2009 10 31 16 30 0.1
PASTO 2009 10 31 16 40 0.1
PASTO 2009 10 31 17 10 0.2
PASTO 2009 10 31 17 20 0.2
PASTO 2009 10 31 19 10 0.2
PASTO 2009 11 1 7 0 0.3
PASTO 2009 11 1 7 20 0.1
PASTO 2009 11 1 7 30 0.1
PASTO 2009 11 2 15 30 0.5
PASTO 2009 11 3 22 0 0.1
PASTO 2009 11 4 1 10 0.1
PASTO 2009 11 5 4 10 0.1
PASTO 2009 11 5 4 20 0.1
PASTO 2009 11 5 4 30 0.1
PASTO 2009 11 5 4 40 0.9
PASTO 2009 11 5 4 50 0.6
PASTO 2009 11 5 5 0 0.1
PASTO 2009 11 5 5 10 0.3
PASTO 2009 11 5 5 20 0.2
PASTO 2009 11 5 5 30 0.8
PASTO 2009 11 5 5 40 0.1
PASTO 2009 11 5 5 50 0.1
PASTO 2009 11 5 6 10 0.1
PASTO 2009 11 5 16 10 0.2
PASTO 2009 11 5 17 0 0.1
PASTO 2009 11 5 17 10 0.2
PASTO 2009 11 5 17 20 0.1
PASTO 2009 11 5 17 30 0.1
PASTO 2009 11 7 17 10 0.2
PASTO 2009 11 7 17 20 0.5
PASTO 2009 11 7 17 30 1
PASTO 2009 11 7 17 40 0.9
PASTO 2009 11 7 17 50 0.4
PASTO 2009 11 7 18 0 0.1
PASTO 2009 11 7 18 40 0.1
PASTO 2009 11 7 20 10 0.1
PASTO 2009 11 7 20 20 0.6
PASTO 2009 11 7 20 30 0.1
PASTO 2009 11 7 20 40 0.6
PASTO 2009 11 7 20 50 0.1
PASTO 2009 11 7 21 0 0.2
PASTO 2009 11 7 22 50 0.2
PASTO 2009 11 8 14 10 0.4
PASTO 2009 11 8 14 20 0.6
PASTO 2009 11 8 14 30 0.5
PASTO 2009 11 8 14 40 0.2
PASTO 2009 11 8 14 50 0.2
PASTO 2009 11 8 15 0 0.4
PASTO 2009 11 8 15 10 0.2
PASTO 2009 11 9 7 30 0.1
PASTO 2009 11 12 23 50 0.1
PASTO 2009 11 13 6 10 0.1
PASTO 2009 11 13 6 20 0.1
PASTO 2009 11 16 17 50 0.2
PASTO 2009 11 16 18 0 5.4
PASTO 2009 11 16 18 10 2.7
PASTO 2009 11 16 18 20 1.3
PASTO 2009 11 16 18 30 0.4
PASTO 2009 11 16 18 40 0.4
PASTO 2009 11 16 18 50 0.8
PASTO 2009 11 16 19 0 0.4
PASTO 2009 11 16 19 10 0.2
PASTO 2009 11 16 19 20 0.1
PASTO 2009 11 16 19 30 0.2
PASTO 2009 11 16 19 40 0.1
PASTO 2009 11 16 20 10 0.3
PASTO 2009 11 16 20 20 0.1
PASTO 2009 11 16 20 40 0.1
PASTO 2009 11 16 20 50 0.1
PASTO 2009 11 18 10 40 0.1
PASTO 2009 11 18 11 30 0.2
PASTO 2009 11 18 11 50 0.1
PASTO 2009 11 18 16 40 0.1
PASTO 2009 11 27 17 50 0.1
PASTO 2009 11 27 18 0 0.1
PASTO 2009 11 28 4 10 2.5
PASTO 2009 11 28 4 20 2
PASTO 2009 11 28 4 30 0.3
PASTO 2009 11 28 4 40 0.1
PASTO 2009 11 28 18 50 0.1
PASTO 2009 11 28 19 0 0.9
PASTO 2009 11 28 19 10 2
PASTO 2009 11 28 19 20 1.8
PASTO 2009 11 28 19 30 2.2
PASTO 2009 11 28 19 40 0.9
PASTO 2009 11 28 19 50 0.9
PASTO 2009 11 28 20 0 0.8
PASTO 2009 11 28 20 10 0.6
PASTO 2009 11 28 20 20 0.6
PASTO 2009 11 28 20 30 1
PASTO 2009 11 28 20 40 0.4
PASTO 2009 11 28 20 50 0.1
PASTO 2009 11 29 12 20 0.1
PASTO 2009 11 29 18 0 0.2
PASTO 2009 11 29 18 10 0.2
PASTO 2009 11 29 18 20 0.1
PASTO 2009 11 29 18 30 1
PASTO 2009 11 29 18 40 1.2
PASTO 2009 11 29 18 50 1.2
PASTO 2009 11 29 19 0 0.7
PASTO 2009 11 29 19 10 1.6
PASTO 2009 11 29 19 20 0.4
PASTO 2009 11 29 19 30 0.1
PASTO 2009 11 29 19 40 0.1
PASTO 2010 1 15 12 40 0.1
PASTO 2010 1 16 2 10 0.1
PASTO 2010 1 16 2 20 0.1
PASTO 2010 1 17 9 30 0.1
PASTO 2010 1 17 13 30 0.1
PASTO 2010 1 17 13 50 0.1
PASTO 2010 2 3 0 0 0.2
PASTO 2010 2 3 0 10 0.2
PASTO 2010 2 3 0 20 0.1
PASTO 2010 2 3 3 30 0.1
PASTO 2010 2 5 12 30 0.2
PASTO 2010 2 5 12 40 0.1
PASTO 2010 2 5 12 50 0.1
PASTO 2010 2 5 13 10 0.1
PASTO 2010 2 5 13 50 0.1
PASTO 2010 2 5 14 10 0.1
PASTO 2010 2 5 19 20 0.5
PASTO 2010 2 5 19 40 0.1
PASTO 2010 2 5 19 50 3
PASTO 2010 2 5 20 0 2.6
PASTO 2010 2 5 20 10 1.3
PASTO 2010 2 5 20 20 1.4
PASTO 2010 2 5 20 30 3.9
PASTO 2010 2 5 20 40 2.9
PASTO 2010 2 5 20 50 1
PASTO 2010 2 5 21 0 0.2
PASTO 2010 2 5 23 30 0.1
PASTO 2010 2 5 23 40 0.1
PASTO 2010 2 6 1 20 0.1
PASTO 2010 2 6 1 30 0.1
PASTO 2010 2 6 3 30 0.1
PASTO 2010 2 6 6 40 0.1
PASTO 2010 2 6 7 0 0.3
PASTO 2010 2 6 7 10 0.5
PASTO 2010 2 6 7 20 0.4
PASTO 2010 2 6 7 30 0.2
PASTO 2010 2 6 7 40 0.5
PASTO 2010 2 6 7 50 0.2
PASTO 2010 2 6 8 0 0.1
PASTO 2010 2 6 8 10 0.2
PASTO 2010 2 6 8 20 0.2
PASTO 2010 2 6 8 30 0.4
PASTO 2010 2 6 8 40 0.8
PASTO 2010 2 6 8 50 0.4
PASTO 2010 2 6 9 0 0.6
PASTO 2010 2 6 9 10 0.7
PASTO 2010 2 6 9 20 0.5
PASTO 2010 2 6 9 30 0.3
PASTO 2010 2 6 9 40 0.2
PASTO 2010 2 6 9 50 0.6
PASTO 2010 2 6 10 0 0.5
PASTO 2010 2 6 10 10 0.2
PASTO 2010 2 6 10 20 0.7
PASTO 2010 2 6 10 30 0.6
PASTO 2010 2 6 10 40 0.1
PASTO 2010 2 6 15 10 0.2
PASTO 2010 2 6 15 20 0.1
PASTO 2010 2 6 15 30 0.4
PASTO 2010 2 6 15 40 0.9
PASTO 2010 2 6 15 50 1
PASTO 2010 2 6 16 0 1.4
PASTO 2010 2 6 16 10 1.8
PASTO 2010 2 6 16 20 0.8
PASTO 2010 2 6 16 30 0.5
PASTO 2010 2 6 16 40 0.7
PASTO 2010 2 6 16 50 0.5
PASTO 2010 2 6 17 0 0.7
PASTO 2010 2 6 17 10 1.4
PASTO 2010 2 6 17 20 1.8
PASTO 2010 2 6 17 30 2
PASTO 2010 2 6 17 40 0.6
PASTO 2010 2 6 17 50 0.4
PASTO 2010 2 6 18 0 0.4
PASTO 2010 2 6 18 10 0.5
PASTO 2010 2 6 18 20 0.4
PASTO 2010 2 6 18 30 0.1
PASTO 2010 2 6 21 20 0.1
PASTO 2010 2 6 21 30 0.1
PASTO 2010 2 9 4 50 0.1
PASTO 2010 2 9 5 10 0.1
PASTO 2010 2 9 5 50 0.1
PASTO 2010 2 9 23 40 0.1
PASTO 2010 2 10 0 0 0.1
PASTO 2010 2 10 1 30 0.1
PASTO 2010 2 10 1 40 0.4
PASTO 2010 2 10 1 50 0.2
PASTO 2010 2 10 2 0 0.2
PASTO 2010 2 10 3 0 0.1
PASTO 2010 2 10 3 10 0.4
PASTO 2010 2 10 3 20 0.1
PASTO 2010 2 10 3 30 0.2
PASTO 2010 2 10 3 50 0.2
PASTO 2010 2 10 4 0 0.3
PASTO 2010 2 10 4 10 0.3
PASTO 2010 2 10 4 30 0.2
PASTO 2010 2 10 4 40 0.3
PASTO 2010 2 10 4 50 0.4
PASTO 2010 2 10 5 0 0.3
PASTO 2010 2 10 5 30 0.1
PASTO 2010 2 10 5 40 0.2
PASTO 2010 2 10 5 50 0.1
PASTO 2010 2 10 12 10 0.1
PASTO 2010 2 11 0 0 0.1
PASTO 2010 2 11 0 20 0.2
PASTO 2010 2 11 0 30 0.2
PASTO 2010 2 11 1 10 0.4
PASTO 2010 2 11 1 20 0.2
PASTO 2010 2 11 2 40 0.2
PASTO 2010 2 11 2 50 0.5
PASTO 2010 2 11 3 0 0.4
PASTO 2010 2 11 3 10 0.2
PASTO 2010 2 11 3 20 0.7
PASTO 2010 2 16 13 20 0.1
PASTO 2010 2 16 13 30 1.1
PASTO 2010 2 16 13 40 0.2
PASTO 2010 2 16 13 50 0.2
PASTO 2010 2 16 14 0 0.1
PASTO 2010 2 16 19 0 0.4
PASTO 2010 2 16 19 10 0.4
PASTO 2010 2 16 19 20 0.5
PASTO 2010 2 16 19 30 0.3
PASTO 2010 2 16 19 50 0.1
PASTO 2010 2 18 13 30 0.2
PASTO 2010 2 18 13 40 0.2
PASTO 2010 2 19 1 40 0.1
PASTO 2010 2 19 2 40 0.1
PASTO 2010 2 19 12 30 0.1
PASTO 2010 2 23 13 30 2
PASTO 2010 2 23 13 40 0.5
PASTO 2010 2 23 13 50 0.1
PASTO 2010 2 23 14 20 0.1
PASTO 2010 2 24 15 10 1
PASTO 2010 2 24 15 20 0.5
PASTO 2010 2 24 15 30 0.5
PASTO 2010 2 24 16 30 0.4
PASTO 2010 2 24 16 40 0.1
PASTO 2010 2 24 16 50 0.1
PASTO 2010 2 24 19 10 0.7
PASTO 2010 2 24 19 20 0.6
PASTO 2010 2 24 19 30 0.3
PASTO 2010 2 24 19 40 0.8
PASTO 2010 2 24 19 50 0.2
PASTO 2010 2 24 20 10 0.1
PASTO 2010 2 25 0 10 0.1
PASTO 2010 2 25 1 10 0.1
PASTO 2010 2 25 1 20 0.4
PASTO 2010 2 25 1 30 0.1
PASTO 2010 2 25 1 40 0.2
PASTO 2010 2 25 1 50 0.6
PASTO 2010 2 25 2 0 0.4
PASTO 2010 2 25 2 10 0.3
PASTO 2010 2 25 2 20 0.3
PASTO 2010 2 25 2 30 0.2
PASTO 2010 2 25 2 50 0.1
PASTO 2010 2 25 3 0 0.2
PASTO 2010 2 25 3 10 0.2
PASTO 2010 2 25 3 20 0.3
PASTO 2010 2 25 3 30 0.2
PASTO 2010 2 25 8 10 0.1
PASTO 2010 2 25 13 40 0.9
PASTO 2010 2 25 13 50 2.4
PASTO 2010 2 25 14 30 0.1
PASTO 2010 2 25 14 40 1.7
PASTO 2010 2 25 14 50 0.2
PASTO 2010 2 25 16 10 0.2
PASTO 2010 2 25 17 0 0.3
PASTO 2010 2 25 17 10 0.9
PASTO 2010 2 25 17 20 0.2
PASTO 2010 2 25 23 40 0.1
PASTO 2010 2 26 4 30 0.1
PASTO 2010 2 26 4 40 0.1
PASTO 2010 2 26 4 50 0.1
PASTO 2010 2 26 5 0 0.1
PASTO 2010 2 26 5 10 0.2
PASTO 2010 2 26 5 20 0.2
PASTO 2010 2 26 5 30 0.3
PASTO 2010 2 26 5 40 0.2
PASTO 2010 2 26 5 50 0.5
PASTO 2010 2 26 6 0 0.7
PASTO 2010 2 26 6 10 0.6
PASTO 2010 2 26 6 20 0.4
PASTO 2010 2 26 6 30 0.6
PASTO 2010 2 26 6 40 0.4
PASTO 2010 2 26 6 50 0.4
PASTO 2010 2 26 7 0 0.5
PASTO 2010 2 26 7 10 0.4
PASTO 2010 2 26 7 20 0.3
PASTO 2010 2 26 7 30 0.4
PASTO 2010 2 26 7 40 0.4
PASTO 2010 2 26 7 50 0.4
PASTO 2010 2 26 8 0 0.3
PASTO 2010 2 26 8 10 0.5
PASTO 2010 2 26 8 20 0.4
PASTO 2010 2 26 8 30 0.3
PASTO 2010 2 26 8 40 0.1
PASTO 2010 2 26 8 50 0.1
PASTO 2010 2 26 9 0 0.2
PASTO 2010 2 26 9 10 0.1
PASTO 2010 2 26 9 20 0.1
PASTO 2010 2 26 9 40 0.1
PASTO 2010 2 26 10 30 0.1
PASTO 2010 2 26 10 50 0.1
PASTO 2010 2 26 11 10 0.2
PASTO 2010 2 26 11 30 0.1
PASTO 2010 2 26 11 40 0.2
PASTO 2010 2 26 11 50 0.2
PASTO 2010 2 26 12 0 0.1
PASTO 2010 2 26 12 10 0.1
PASTO 2010 2 26 12 20 0.1
PASTO 2010 2 26 16 50 0.1
PASTO 2010 2 26 17 10 0.4
PASTO 2010 2 26 18 0 0.2
PASTO 2010 2 28 4 30 0.1
