ID Ano Mes Dia Hora Min Prec
YOPAL 2009 11 2 13 40 0.3
YOPAL 2009 11 2 13 50 0.1
YOPAL 2009 11 2 14 0 0.2
YOPAL 2009 11 2 14 20 0.2
YOPAL 2009 11 2 14 30 0.1
YOPAL 2009 11 2 14 50 0.1
YOPAL 2009 11 2 15 20 0.1
YOPAL 2009 11 2 15 30 0.1
YOPAL 2009 11 8 15 20 0.6
YOPAL 2009 11 8 15 30 2.3
YOPAL 2009 11 8 15 40 0.8
YOPAL 2009 11 12 16 20 0.2
YOPAL 2009 11 12 17 0 0.1
YOPAL 2009 11 12 17 10 0.1
YOPAL 2009 11 12 17 20 0.1
YOPAL 2009 11 12 17 40 0.1
YOPAL 2009 11 12 17 50 2.9
YOPAL 2009 11 12 18 0 2.5
YOPAL 2009 11 12 18 10 0.7
YOPAL 2009 11 12 18 20 0.2
YOPAL 2009 11 12 18 30 0.3
YOPAL 2009 11 12 18 40 0.4
YOPAL 2009 11 12 18 50 0.4
YOPAL 2009 11 12 19 0 0.7
YOPAL 2009 11 12 19 10 0.6
YOPAL 2009 11 12 19 20 0.4
YOPAL 2009 11 12 19 30 0.6
YOPAL 2009 11 12 19 40 0.7
YOPAL 2009 11 12 19 50 0.5
YOPAL 2009 11 12 20 0 0.5
YOPAL 2009 11 12 20 10 0.4
YOPAL 2009 11 12 20 20 0.4
YOPAL 2009 11 12 20 30 0.4
YOPAL 2009 11 12 20 40 0.2
YOPAL 2009 11 12 20 50 0.2
YOPAL 2009 11 12 21 0 0.3
YOPAL 2009 11 12 21 10 0.2
YOPAL 2009 11 12 21 20 0.2
YOPAL 2009 11 12 21 30 0.2
YOPAL 2009 11 12 21 40 0.1
YOPAL 2009 11 12 22 50 0.1
YOPAL 2009 11 13 19 0 7.8
YOPAL 2009 11 13 19 10 0.9
YOPAL 2009 11 13 19 40 0.9
YOPAL 2009 11 13 19 50 0.1
YOPAL 2009 11 13 20 20 0.8
YOPAL 2009 11 13 20 30 0.8
YOPAL 2009 11 13 20 40 1.7
YOPAL 2009 11 13 20 50 1.4
YOPAL 2009 11 13 21 0 1.8
YOPAL 2009 11 13 21 10 0.4
YOPAL 2009 11 13 21 20 0.1
YOPAL 2009 11 13 21 30 2.9
YOPAL 2009 11 13 21 40 2.7
YOPAL 2009 11 13 21 50 0.2
YOPAL 2009 11 13 22 10 0.2
YOPAL 2009 11 13 22 20 0.2
YOPAL 2009 11 13 22 50 0.2
YOPAL 2009 11 13 23 0 0.1
YOPAL 2009 11 14 1 50 0.2
YOPAL 2009 11 14 2 10 0.1
YOPAL 2009 11 14 3 0 0.1
YOPAL 2009 11 14 3 10 0.1
YOPAL 2009 11 14 3 20 0.2
YOPAL 2009 11 14 3 30 0.2
YOPAL 2009 11 14 3 40 0.1
YOPAL 2009 11 14 3 50 0.1
YOPAL 2009 11 17 17 20 0.1
YOPAL 2009 11 17 19 30 0.7
YOPAL 2009 11 17 19 40 2.1
YOPAL 2009 11 17 19 50 5.7
YOPAL 2009 11 17 20 0 0.2
YOPAL 2009 11 17 20 10 0.4
YOPAL 2009 11 17 20 20 0.4
YOPAL 2009 11 17 20 30 0.4
YOPAL 2009 11 17 20 40 8.3
YOPAL 2009 11 17 20 50 2.3
YOPAL 2009 11 17 21 0 0.2
YOPAL 2009 11 17 21 20 0.1
YOPAL 2009 11 17 21 30 0.1
YOPAL 2009 11 17 22 30 0.1
YOPAL 2011 2 9 5 0 0.1
YOPAL 2011 2 9 5 10 0.1
YOPAL 2011 2 9 5 20 0.1
YOPAL 2011 2 9 5 30 0.1
YOPAL 2011 2 17 0 0 0.1
YOPAL 2011 2 17 11 0 0.1
YOPAL 2011 2 27 4 0 2.5
YOPAL 2011 2 27 4 10 7.5
YOPAL 2011 2 27 4 20 2.1
YOPAL 2011 2 27 4 30 0.6
YOPAL 2011 2 27 4 40 1
YOPAL 2011 2 27 4 50 2
YOPAL 2011 2 27 5 0 0.7
YOPAL 2011 2 27 5 10 0.9
YOPAL 2011 2 27 5 20 0.9
YOPAL 2011 2 27 5 30 0.5
YOPAL 2011 2 27 5 40 0.5
YOPAL 2011 2 27 5 50 0.4
YOPAL 2011 2 27 6 0 0.4
YOPAL 2011 2 27 6 10 0.2
YOPAL 2011 2 27 6 20 0.2
YOPAL 2011 2 27 6 30 0.2
YOPAL 2011 2 27 6 40 0.4
YOPAL 2011 2 27 6 50 0.3
YOPAL 2011 2 27 7 0 0.3
YOPAL 2011 2 27 7 10 0.3
YOPAL 2011 2 27 7 20 0.4
YOPAL 2011 2 27 7 30 0.4
YOPAL 2011 2 27 7 40 0.3
YOPAL 2011 2 27 7 50 0.2
YOPAL 2011 2 27 8 0 0.1
YOPAL 2011 2 27 8 10 0.2
YOPAL 2011 2 27 8 20 0.4
YOPAL 2011 2 27 8 30 0.4
YOPAL 2011 2 27 8 40 0.4
YOPAL 2011 2 27 8 50 0.3
YOPAL 2011 2 27 9 0 0.1
YOPAL 2011 2 27 9 10 0.2
YOPAL 2011 2 27 10 40 0.1
YOPAL 2011 2 27 10 50 0.1
YOPAL 2011 2 27 11 0 0.1
YOPAL 2011 2 27 12 40 0.2
YOPAL 2011 2 27 12 50 0.2
YOPAL 2011 2 28 11 0 0.4
YOPAL 2011 2 28 11 10 4
YOPAL 2011 2 28 11 20 0.5
YOPAL 2011 2 28 11 30 0.7
YOPAL 2011 2 28 11 40 1.5
YOPAL 2011 2 28 11 50 0.8
YOPAL 2011 2 28 12 0 0.1
YOPAL 2011 2 28 12 20 0.1
YOPAL 2011 2 28 12 50 0.1
YOPAL 2011 3 1 1 30 0.2
YOPAL 2011 3 1 1 40 0.1
YOPAL 2011 3 1 2 20 0.1
YOPAL 2011 3 2 16 0 0.1
YOPAL 2011 3 2 16 10 0.1
YOPAL 2011 3 2 16 20 0.1
YOPAL 2011 3 2 16 30 0.1
YOPAL 2011 3 10 5 50 0.1
YOPAL 2011 3 10 6 30 0.1
YOPAL 2011 3 10 6 40 0.3
YOPAL 2011 3 10 6 50 0.8
YOPAL 2011 3 10 7 0 0.5
YOPAL 2011 3 10 7 10 0.6
YOPAL 2011 3 10 7 40 0.2
YOPAL 2011 3 10 7 50 1.3
YOPAL 2011 3 10 8 0 1.6
YOPAL 2011 3 10 8 10 0.8
YOPAL 2011 3 10 8 20 1.5
YOPAL 2011 3 10 8 30 0.1
YOPAL 2011 3 10 8 40 0.1
YOPAL 2011 3 10 11 30 0.1
YOPAL 2011 3 18 6 40 0.3
YOPAL 2011 3 19 0 10 0.3
YOPAL 2011 3 19 0 20 0.3
YOPAL 2011 3 19 2 20 0.1
YOPAL 2011 3 19 2 30 0.2
YOPAL 2011 3 19 3 10 0.1
YOPAL 2011 3 21 8 10 0.5
YOPAL 2011 3 21 8 20 0.1
YOPAL 2011 3 21 10 0 0.1
YOPAL 2011 3 21 10 30 0.1
YOPAL 2011 3 21 13 10 0.1
YOPAL 2011 3 24 10 50 0.1
YOPAL 2011 3 24 18 40 0.1
YOPAL 2011 3 24 19 40 0.1
YOPAL 2011 3 25 0 50 0.5
YOPAL 2011 3 25 1 0 0.1
YOPAL 2011 3 25 1 20 0.5
YOPAL 2011 3 25 1 30 0.4
YOPAL 2011 3 25 1 40 0.1
YOPAL 2011 3 25 7 40 0.2
YOPAL 2011 3 25 14 20 0.3
YOPAL 2011 3 25 14 30 0.7
YOPAL 2011 3 25 14 40 0.8
YOPAL 2011 3 25 14 50 0.1
YOPAL 2011 3 25 15 0 0.1
YOPAL 2011 3 25 15 10 0.2
YOPAL 2011 3 25 15 20 0.1
YOPAL 2011 3 25 15 30 0.1
YOPAL 2011 3 31 12 30 0.4
YOPAL 2011 3 31 12 40 0.2
YOPAL 2011 3 31 12 50 0.5
YOPAL 2011 3 31 13 0 0.3
YOPAL 2011 3 31 13 10 0.8
YOPAL 2011 3 31 14 10 0.1
YOPAL 2011 4 4 6 30 0.1
YOPAL 2011 4 4 7 10 0.1
YOPAL 2011 4 9 12 10 0.1
YOPAL 2011 4 9 12 20 0.4
YOPAL 2011 4 9 13 0 0.1
YOPAL 2011 4 10 0 50 0.2
YOPAL 2011 4 10 1 0 0.1
YOPAL 2011 4 10 1 10 0.2
YOPAL 2011 4 10 1 20 0.2
YOPAL 2011 4 10 1 30 0.1
YOPAL 2011 4 10 1 40 0.2
YOPAL 2011 4 10 1 50 0.8
YOPAL 2011 4 10 2 0 8.1
YOPAL 2011 4 10 2 10 6.3
YOPAL 2011 4 10 2 20 3.3
YOPAL 2011 4 10 2 30 0.1
YOPAL 2011 4 10 2 40 0.6
YOPAL 2011 4 10 3 0 0.2
YOPAL 2011 4 10 3 10 0.3
YOPAL 2011 4 10 6 0 0.1
YOPAL 2011 4 10 10 0 0.1
YOPAL 2011 4 10 10 10 0.1
YOPAL 2011 4 10 10 40 4.1
YOPAL 2011 4 10 10 50 1.6
YOPAL 2011 4 10 11 0 2.3
YOPAL 2011 4 10 11 10 0.3
YOPAL 2011 4 10 11 20 0.2
YOPAL 2011 4 10 11 30 0.2
YOPAL 2011 4 10 11 40 0.1
YOPAL 2011 4 10 11 50 0.1
YOPAL 2011 4 10 12 30 0.1
YOPAL 2011 4 10 13 40 0.1
YOPAL 2011 4 10 13 50 0.1
YOPAL 2011 4 10 14 0 0.1
YOPAL 2011 4 10 14 10 0.1
YOPAL 2011 4 10 14 20 0.1
YOPAL 2011 4 12 1 0 0.1
YOPAL 2011 4 12 2 0 0.1
YOPAL 2011 4 12 2 10 0.1
YOPAL 2011 4 12 2 40 0.1
YOPAL 2011 4 12 3 0 0.1
YOPAL 2011 4 12 3 40 0.1
YOPAL 2011 4 12 4 50 0.1
YOPAL 2011 4 12 5 50 0.1
YOPAL 2011 4 12 6 0 0.2
YOPAL 2011 4 12 6 10 0.2
YOPAL 2011 4 12 6 20 0.1
YOPAL 2011 4 12 6 30 0.2
YOPAL 2011 4 12 6 40 0.1
YOPAL 2011 4 12 7 0 0.1
YOPAL 2011 4 12 7 20 0.1
YOPAL 2011 4 12 7 30 0.2
YOPAL 2011 4 12 7 40 0.3
YOPAL 2011 4 12 7 50 0.1
YOPAL 2011 4 12 8 0 0.1
YOPAL 2011 4 12 8 10 0.1
YOPAL 2011 4 12 8 40 0.1
YOPAL 2011 4 12 9 0 0.1
YOPAL 2011 4 12 9 10 0.1
YOPAL 2011 4 12 9 20 0.2
YOPAL 2011 4 12 9 30 0.2
YOPAL 2011 4 12 9 40 0.3
YOPAL 2011 4 12 9 50 0.2
YOPAL 2011 4 12 10 0 0.2
YOPAL 2011 4 12 10 10 0.2
YOPAL 2011 4 12 10 20 0.1
YOPAL 2011 4 12 10 30 0.2
YOPAL 2011 4 12 10 40 0.1
YOPAL 2011 4 12 10 50 0.1
YOPAL 2011 4 12 11 0 0.1
YOPAL 2011 4 12 11 10 0.1
YOPAL 2011 4 12 11 20 0.1
YOPAL 2011 4 12 11 30 0.1
YOPAL 2011 4 12 11 40 0.1
YOPAL 2011 4 12 11 50 0.1
YOPAL 2011 4 13 6 10 0.1
YOPAL 2011 4 15 4 50 0.2
YOPAL 2011 4 15 5 0 3.4
YOPAL 2011 4 15 5 10 1.9
YOPAL 2011 4 15 5 20 0.4
YOPAL 2011 4 15 5 30 0.1
YOPAL 2011 4 15 5 50 0.4
YOPAL 2011 4 15 6 0 0.8
YOPAL 2011 4 15 6 10 0.3
YOPAL 2011 4 15 6 30 0.1
YOPAL 2011 4 15 6 40 0.2
YOPAL 2011 4 15 14 50 0.7
YOPAL 2011 4 15 15 0 1.1
YOPAL 2011 4 15 15 10 0.8
YOPAL 2011 4 15 15 20 0.4
YOPAL 2011 4 15 15 30 0.9
YOPAL 2011 4 15 15 40 0.4
YOPAL 2011 4 15 15 50 0.1
YOPAL 2011 4 15 17 0 0.1
YOPAL 2011 4 15 17 20 0.1
YOPAL 2011 4 15 22 40 0.1
YOPAL 2011 4 16 20 0 4.9
YOPAL 2011 4 16 20 10 1.7
YOPAL 2011 4 16 20 20 3.5
YOPAL 2011 4 16 20 30 3
YOPAL 2011 4 16 20 40 2.4
YOPAL 2011 4 16 20 50 0.4
YOPAL 2011 4 16 21 0 0.5
YOPAL 2011 4 16 21 10 0.4
YOPAL 2011 4 16 21 20 0.7
YOPAL 2011 4 16 21 30 1.3
YOPAL 2011 4 16 21 40 0.8
YOPAL 2011 4 16 21 50 0.9
YOPAL 2011 4 16 22 0 0.5
YOPAL 2011 4 16 22 10 1.1
YOPAL 2011 4 16 22 20 0.8
YOPAL 2011 4 16 22 30 0.7
YOPAL 2011 4 16 22 40 0.8
YOPAL 2011 4 16 22 50 0.7
YOPAL 2011 4 16 23 0 0.5
YOPAL 2011 4 16 23 10 0.4
YOPAL 2011 4 16 23 20 0.5
YOPAL 2011 4 16 23 30 0.4
YOPAL 2011 4 16 23 40 0.3
YOPAL 2011 4 16 23 50 0.2
YOPAL 2011 4 17 0 0 0.1
YOPAL 2011 4 17 0 10 0.1
YOPAL 2011 4 17 0 20 0.2
YOPAL 2011 4 17 0 30 0.2
YOPAL 2011 4 17 0 40 0.2
YOPAL 2011 4 17 0 50 0.3
YOPAL 2011 4 17 1 0 0.2
YOPAL 2011 4 17 1 10 0.2
YOPAL 2011 4 17 1 20 0.1
YOPAL 2011 4 17 1 30 0.2
YOPAL 2011 4 17 1 40 0.2
YOPAL 2011 4 17 1 50 0.1
YOPAL 2011 4 17 2 0 0.1
YOPAL 2011 4 17 2 10 0.2
YOPAL 2011 4 17 2 20 0.2
YOPAL 2011 4 17 2 30 0.2
YOPAL 2011 4 17 2 40 0.1
YOPAL 2011 4 17 3 0 0.1
YOPAL 2011 4 17 3 10 0.1
YOPAL 2011 4 17 3 30 0.1
YOPAL 2011 4 17 3 50 0.1
YOPAL 2011 4 17 4 0 0.1
YOPAL 2011 4 17 4 10 0.1
YOPAL 2011 4 17 4 20 0.1
YOPAL 2011 4 17 4 30 0.1
YOPAL 2011 4 17 4 40 0.1
YOPAL 2011 4 17 4 50 0.1
YOPAL 2011 4 17 5 0 0.1
YOPAL 2011 4 17 5 10 0.1
YOPAL 2011 4 17 5 30 0.1
YOPAL 2011 4 17 5 40 0.1
YOPAL 2011 4 17 5 50 0.1
YOPAL 2011 4 17 6 0 0.1
YOPAL 2011 4 18 17 30 0.1
YOPAL 2011 4 19 15 20 0.5
YOPAL 2011 4 19 15 30 0.1
YOPAL 2011 4 20 0 30 0.2
YOPAL 2011 4 20 0 40 0.2
YOPAL 2011 4 20 0 50 0.2
YOPAL 2011 4 20 1 0 0.5
YOPAL 2011 4 20 1 10 2.6
YOPAL 2011 4 20 1 20 1.2
YOPAL 2011 4 20 1 30 0.4
YOPAL 2011 4 20 1 40 1.4
YOPAL 2011 4 20 1 50 0.8
YOPAL 2011 4 20 2 0 3.7
YOPAL 2011 4 20 2 10 1.8
YOPAL 2011 4 20 2 20 0.6
YOPAL 2011 4 20 2 30 0.5
YOPAL 2011 4 20 2 40 0.6
YOPAL 2011 4 20 2 50 0.6
YOPAL 2011 4 20 3 0 0.6
YOPAL 2011 4 20 3 10 0.6
YOPAL 2011 4 20 3 20 0.7
YOPAL 2011 4 20 3 30 0.4
YOPAL 2011 4 20 3 40 0.4
YOPAL 2011 4 20 3 50 0.8
YOPAL 2011 4 20 4 0 1.2
YOPAL 2011 4 20 4 10 0.3
YOPAL 2011 4 20 4 20 0.4
YOPAL 2011 4 20 4 30 0.8
YOPAL 2011 4 20 4 40 3
YOPAL 2011 4 20 4 50 2.8
YOPAL 2011 4 20 5 0 1.9
YOPAL 2011 4 20 5 10 0.9
YOPAL 2011 4 20 5 20 0.3
YOPAL 2011 4 20 5 30 0.2
YOPAL 2011 4 20 5 40 0.2
YOPAL 2011 4 20 5 50 0.1
YOPAL 2011 4 20 6 0 0.3
YOPAL 2011 4 20 6 10 0.1
YOPAL 2011 4 20 6 20 0.3
YOPAL 2011 4 20 6 30 0.2
YOPAL 2011 4 20 6 40 0.2
YOPAL 2011 4 20 6 50 0.3
YOPAL 2011 4 20 7 0 0.2
YOPAL 2011 4 20 7 10 0.1
YOPAL 2011 4 20 7 20 0.1
YOPAL 2011 4 20 7 30 0.1
YOPAL 2011 4 20 7 40 0.1
YOPAL 2011 4 20 7 50 0.1
YOPAL 2011 4 20 8 10 0.1
YOPAL 2011 4 21 9 20 0.1
YOPAL 2011 4 22 20 20 1.1
YOPAL 2011 4 22 20 30 4.3
YOPAL 2011 4 22 20 40 7.9
YOPAL 2011 4 22 20 50 0.6
YOPAL 2011 4 22 21 0 0.2
YOPAL 2011 4 22 21 10 0.1
YOPAL 2011 4 22 21 40 0.1
YOPAL 2011 4 22 21 50 0.3
YOPAL 2011 4 22 22 0 0.1
YOPAL 2011 4 22 22 10 0.2
YOPAL 2011 4 22 22 30 0.1
YOPAL 2011 4 22 22 50 1.4
YOPAL 2011 4 22 23 0 2.9
YOPAL 2011 4 22 23 10 2
YOPAL 2011 4 22 23 20 2
YOPAL 2011 4 22 23 30 1.2
YOPAL 2011 4 22 23 40 0.2
YOPAL 2011 4 22 23 50 0.4
YOPAL 2011 4 23 0 0 1.3
YOPAL 2011 4 23 0 10 0.3
YOPAL 2011 4 23 0 20 0.3
YOPAL 2011 4 23 0 30 1.1
YOPAL 2011 4 23 0 40 0.4
YOPAL 2011 4 23 0 50 0.2
YOPAL 2011 4 23 1 0 0.2
YOPAL 2011 4 23 1 10 0.6
YOPAL 2011 4 23 1 20 0.2
YOPAL 2011 4 23 1 40 0.1
YOPAL 2011 4 23 1 50 0.1
YOPAL 2011 4 23 2 40 0.1
YOPAL 2011 4 23 2 50 0.1
YOPAL 2011 4 23 3 0 0.1
YOPAL 2011 4 23 3 10 0.1
YOPAL 2011 4 23 3 20 0.1
YOPAL 2011 4 23 3 30 0.1
YOPAL 2011 4 23 3 40 0.1
YOPAL 2011 4 23 4 0 0.1
YOPAL 2011 4 23 4 10 0.1
YOPAL 2011 4 23 4 20 0.1
YOPAL 2011 4 23 6 30 0.1
YOPAL 2011 4 23 6 40 0.1
YOPAL 2011 4 23 6 50 0.1
YOPAL 2011 4 23 8 30 0.1
YOPAL 2011 4 23 9 0 0.1
YOPAL 2011 4 23 9 20 0.1
YOPAL 2011 4 23 10 10 0.1
YOPAL 2011 4 23 11 20 0.1
YOPAL 2011 4 23 13 50 0.1
YOPAL 2011 4 23 14 0 0.1
YOPAL 2011 4 23 14 10 0.1
YOPAL 2011 4 23 17 50 0.1
YOPAL 2011 4 24 20 20 5.2
YOPAL 2011 4 24 20 30 7
YOPAL 2011 4 24 20 40 0.7
YOPAL 2011 4 25 8 50 0.1
YOPAL 2011 4 25 11 30 0.1
YOPAL 2011 4 25 11 50 1.2
YOPAL 2011 4 25 12 0 6.7
YOPAL 2011 4 25 12 10 3.5
YOPAL 2011 4 25 12 20 0.5
YOPAL 2011 4 25 12 30 0.1
YOPAL 2011 4 25 12 40 0.1
YOPAL 2011 4 25 12 50 0.2
YOPAL 2011 4 25 13 0 0.3
YOPAL 2011 4 25 13 10 0.3
YOPAL 2011 4 25 13 20 0.3
YOPAL 2011 4 25 13 30 0.4
YOPAL 2011 4 25 13 40 0.4
YOPAL 2011 4 25 13 50 0.3
YOPAL 2011 4 25 14 0 0.2
YOPAL 2011 4 25 14 10 0.3
YOPAL 2011 4 25 14 20 0.2
YOPAL 2011 4 25 14 30 0.2
YOPAL 2011 4 25 14 40 0.2
YOPAL 2011 4 25 14 50 0.1
YOPAL 2011 4 25 16 0 0.1
YOPAL 2011 4 28 18 50 1.3
YOPAL 2011 4 28 19 0 0.6
YOPAL 2011 4 28 19 10 1
YOPAL 2011 4 28 19 20 2.5
YOPAL 2011 4 28 19 30 2
YOPAL 2011 4 28 19 40 1.3
YOPAL 2011 4 28 19 50 1.1
YOPAL 2011 4 28 20 0 0.4
YOPAL 2011 4 28 20 10 0.2
YOPAL 2011 4 28 20 20 0.1
YOPAL 2011 4 28 20 30 0.2
YOPAL 2011 4 28 20 40 0.1
YOPAL 2011 4 28 21 0 0.1
YOPAL 2011 4 28 21 10 0.1
YOPAL 2011 4 28 21 20 0.1
YOPAL 2011 4 28 21 30 0.1
YOPAL 2011 4 28 21 40 0.1
YOPAL 2011 4 28 21 50 0.1
YOPAL 2011 4 28 22 0 0.2
YOPAL 2011 4 28 22 20 0.1
YOPAL 2011 4 29 17 10 2
YOPAL 2011 4 29 17 20 0.1
YOPAL 2011 4 29 17 30 0.4
YOPAL 2011 4 29 17 40 0.3
YOPAL 2011 4 29 19 0 0.1
YOPAL 2011 4 29 19 10 0.1
YOPAL 2011 4 29 21 20 0.1
YOPAL 2011 4 30 2 40 0.2
YOPAL 2011 4 30 2 50 1.1
YOPAL 2011 5 1 18 30 0.3
YOPAL 2011 5 1 18 40 1.6
YOPAL 2011 5 1 18 50 0.1
YOPAL 2011 5 1 19 0 0.3
YOPAL 2011 5 1 19 10 0.5
YOPAL 2011 5 1 19 20 0.4
YOPAL 2011 5 1 19 30 0.4
YOPAL 2011 5 1 19 40 0.4
YOPAL 2011 5 1 19 50 0.3
YOPAL 2011 5 1 20 0 0.2
YOPAL 2011 5 1 20 10 0.2
YOPAL 2011 5 1 20 20 0.4
YOPAL 2011 5 1 20 30 0.2
YOPAL 2011 5 1 20 40 0.2
YOPAL 2011 5 1 20 50 0.1
YOPAL 2011 5 1 21 0 0.2
YOPAL 2011 5 1 21 10 0.2
YOPAL 2011 5 1 21 20 0.3
YOPAL 2011 5 1 21 30 0.2
YOPAL 2011 5 1 21 40 0.1
YOPAL 2011 5 1 21 50 0.2
YOPAL 2011 5 1 22 10 0.1
YOPAL 2011 5 1 22 20 0.3
YOPAL 2011 5 1 22 30 0.1
YOPAL 2011 5 1 22 40 0.2
YOPAL 2011 5 1 22 50 0.1
YOPAL 2011 5 1 23 0 0.2
YOPAL 2011 5 1 23 10 0.1
YOPAL 2011 5 1 23 20 0.1
YOPAL 2011 5 1 23 30 0.1
YOPAL 2011 5 1 23 40 0.2
YOPAL 2011 5 1 23 50 0.1
YOPAL 2011 5 2 0 0 0.1
YOPAL 2011 5 2 0 10 0.1
YOPAL 2011 5 2 0 30 0.1
YOPAL 2011 5 2 0 50 0.1
YOPAL 2011 5 2 1 10 0.1
YOPAL 2011 5 2 1 30 0.1
YOPAL 2011 5 2 2 10 0.1
YOPAL 2011 5 2 3 40 0.1
YOPAL 2011 5 2 17 30 7.1
YOPAL 2011 5 2 17 40 11.3
YOPAL 2011 5 2 17 50 13.1
YOPAL 2011 5 2 18 0 8.6
YOPAL 2011 5 2 18 10 8.7
YOPAL 2011 5 2 18 20 6.4
YOPAL 2011 5 2 18 30 4.8
YOPAL 2011 5 2 18 40 7.4
YOPAL 2011 5 2 18 50 5.9
YOPAL 2011 5 2 19 0 3.6
YOPAL 2011 5 2 19 10 3.8
YOPAL 2011 5 2 19 20 1.7
YOPAL 2011 5 2 19 30 1.9
YOPAL 2011 5 2 19 40 1
YOPAL 2011 5 2 19 50 6.1
YOPAL 2011 5 2 20 0 2.7
YOPAL 2011 5 2 20 10 1.1
YOPAL 2011 5 2 20 20 1.4
YOPAL 2011 5 2 20 30 2.3
YOPAL 2011 5 2 20 40 1.5
YOPAL 2011 5 2 20 50 0.4
YOPAL 2011 5 2 21 0 0.1
YOPAL 2011 5 2 21 10 0.1
YOPAL 2011 5 2 21 20 0.3
YOPAL 2011 5 2 21 30 0.7
YOPAL 2011 5 2 21 40 0.3
YOPAL 2011 5 2 21 50 0.3
YOPAL 2011 5 2 22 0 0.3
YOPAL 2011 5 2 22 10 0.6
YOPAL 2011 5 2 22 20 0.1
YOPAL 2011 5 2 22 30 0.3
YOPAL 2011 5 2 22 40 0.1
YOPAL 2011 5 2 23 0 0.1
YOPAL 2011 5 3 0 30 0.2
YOPAL 2011 5 3 0 40 0.3
YOPAL 2011 5 3 0 50 0.2
YOPAL 2011 5 3 1 0 0.2
YOPAL 2011 5 3 1 10 0.3
YOPAL 2011 5 3 1 40 0.1
YOPAL 2011 5 3 2 0 0.1
YOPAL 2011 5 3 2 10 0.1
YOPAL 2011 5 3 2 20 0.5
YOPAL 2011 5 3 2 30 0.1
YOPAL 2011 5 3 2 40 0.5
YOPAL 2011 5 3 2 50 0.9
YOPAL 2011 5 3 3 0 1
YOPAL 2011 5 3 3 10 0.5
YOPAL 2011 5 3 3 20 0.5
YOPAL 2011 5 3 3 30 0.8
YOPAL 2011 5 3 3 40 0.7
YOPAL 2011 5 3 3 50 0.9
YOPAL 2011 5 3 4 0 0.6
YOPAL 2011 5 3 4 10 0.8
YOPAL 2011 5 3 4 20 0.5
YOPAL 2011 5 3 4 30 1
YOPAL 2011 5 3 4 40 0.6
YOPAL 2011 5 3 4 50 1.4
YOPAL 2011 5 3 5 0 0.8
YOPAL 2011 5 3 5 10 1.3
YOPAL 2011 5 3 5 20 1.7
YOPAL 2011 5 3 5 30 1.3
YOPAL 2011 5 3 5 40 1.2
YOPAL 2011 5 3 5 50 0.5
YOPAL 2011 5 3 6 0 0.4
YOPAL 2011 5 3 6 10 0.3
YOPAL 2011 5 3 6 20 0.1
YOPAL 2011 5 3 6 30 0.1
YOPAL 2011 5 3 6 40 0.1
YOPAL 2011 5 3 6 50 0.2
YOPAL 2011 5 3 7 0 0.1
YOPAL 2011 5 3 7 10 0.1
YOPAL 2011 5 3 7 20 0.1
YOPAL 2011 5 3 8 50 0.1
YOPAL 2011 5 3 18 50 0.2
YOPAL 2011 5 3 19 0 0.1
YOPAL 2011 5 3 20 0 0.2
YOPAL 2011 5 3 20 10 0.8
YOPAL 2011 5 3 20 20 0.7
YOPAL 2011 5 3 20 30 0.3
YOPAL 2011 5 3 20 40 0.1
YOPAL 2011 5 3 21 10 0.1
YOPAL 2011 5 5 14 50 0.1
YOPAL 2011 5 5 15 0 4.2
YOPAL 2011 5 5 15 10 1
YOPAL 2011 5 5 15 20 1.1
YOPAL 2011 5 5 15 30 0.5
YOPAL 2011 5 5 15 40 0.1
YOPAL 2011 5 5 15 50 0.1
YOPAL 2011 5 5 16 0 0.1
YOPAL 2011 5 6 4 50 0.1
YOPAL 2011 5 7 0 50 0.1
YOPAL 2011 5 7 1 0 0.5
YOPAL 2011 5 7 1 10 1.3
YOPAL 2011 5 7 1 20 0.1
YOPAL 2011 5 7 2 0 0.2
YOPAL 2011 5 7 2 10 0.6
YOPAL 2011 5 7 2 20 2.2
YOPAL 2011 5 7 2 30 0.1
YOPAL 2011 5 7 4 40 0.1
YOPAL 2011 5 7 7 20 0.2
YOPAL 2011 5 7 8 50 0.1
YOPAL 2011 5 7 9 50 0.1
YOPAL 2011 5 7 10 0 0.1
YOPAL 2011 5 7 10 20 0.6
YOPAL 2011 5 7 10 30 0.5
YOPAL 2011 5 7 10 40 0.7
YOPAL 2011 5 7 10 50 0.1
YOPAL 2011 5 7 11 0 0.1
YOPAL 2011 5 7 11 50 0.2
YOPAL 2011 5 7 12 0 0.1
YOPAL 2011 5 8 4 50 0.2
YOPAL 2011 5 8 9 50 0.1
YOPAL 2011 5 8 10 30 0.1
YOPAL 2011 5 8 11 20 0.3
YOPAL 2011 5 8 11 30 0.3
YOPAL 2011 5 8 13 30 0.2
YOPAL 2011 5 9 0 0 1.4
YOPAL 2011 5 9 0 20 2.7
YOPAL 2011 5 9 1 30 0.1
YOPAL 2011 5 9 2 30 2.3
YOPAL 2011 5 9 5 0 2.8
YOPAL 2011 5 9 5 10 0.4
YOPAL 2011 5 9 8 10 0.5
YOPAL 2011 5 9 8 50 0.2
YOPAL 2011 5 9 23 10 0.1
YOPAL 2011 5 9 23 40 0.1
YOPAL 2011 5 10 6 10 0.1
YOPAL 2011 5 10 7 0 0.1
YOPAL 2011 5 10 8 30 0.1
YOPAL 2011 5 10 8 40 0.2
YOPAL 2011 5 10 8 50 0.2
YOPAL 2011 5 10 9 0 0.1
YOPAL 2011 5 10 12 0 0.4
YOPAL 2011 5 10 12 10 0.2
YOPAL 2011 5 10 12 50 0.1
YOPAL 2011 5 10 13 0 0.1
YOPAL 2011 5 10 22 0 0.1
YOPAL 2011 5 11 1 30 0.1
YOPAL 2011 5 11 2 40 0.1
YOPAL 2011 5 11 3 10 0.1
YOPAL 2011 5 11 3 30 0.1
YOPAL 2011 5 12 9 30 0.1
YOPAL 2011 5 12 12 10 0.1
YOPAL 2011 5 13 3 20 0.1
YOPAL 2011 5 13 14 50 8.5
YOPAL 2011 5 13 15 0 13.2
YOPAL 2011 5 13 15 10 14
YOPAL 2011 5 13 15 20 4.4
YOPAL 2011 5 13 15 30 3.2
YOPAL 2011 5 13 15 40 2.2
YOPAL 2011 5 13 15 50 2.8
YOPAL 2011 5 13 16 0 0.7
YOPAL 2011 5 13 16 10 0.2
YOPAL 2011 5 13 16 20 0.3
YOPAL 2011 5 13 16 30 0.1
YOPAL 2011 5 13 16 40 0.1
YOPAL 2011 5 13 16 50 0.4
YOPAL 2011 5 13 17 0 0.3
YOPAL 2011 5 13 17 10 0.1
YOPAL 2011 5 13 17 20 0.1
YOPAL 2011 5 13 17 30 0.1
YOPAL 2011 5 13 17 40 0.1
YOPAL 2011 5 13 17 50 0.1
YOPAL 2011 5 13 18 0 0.1
YOPAL 2011 5 13 18 40 0.1
YOPAL 2011 5 13 19 0 0.1
YOPAL 2011 5 13 19 50 0.1
YOPAL 2011 5 13 21 30 0.1
YOPAL 2011 5 13 21 40 0.1
YOPAL 2011 5 13 21 50 0.3
YOPAL 2011 5 13 22 0 0.5
YOPAL 2011 5 13 22 10 1.3
YOPAL 2011 5 13 22 20 0.1
YOPAL 2011 5 13 22 30 0.1
YOPAL 2011 5 13 22 40 0.2
YOPAL 2011 5 13 22 50 0.2
YOPAL 2011 5 13 23 0 0.2
YOPAL 2011 5 13 23 10 0.2
YOPAL 2011 5 13 23 20 0.2
YOPAL 2011 5 13 23 30 0.1
YOPAL 2011 5 13 23 40 0.1
YOPAL 2011 5 13 23 50 0.1
YOPAL 2011 5 14 0 0 0.2
YOPAL 2011 5 14 0 10 0.1
YOPAL 2011 5 14 0 30 0.1
YOPAL 2011 5 14 0 40 0.1
YOPAL 2011 5 14 0 50 0.1
YOPAL 2011 5 14 1 0 0.1
YOPAL 2011 5 14 1 10 0.1
YOPAL 2011 5 14 1 20 0.1
YOPAL 2011 5 14 1 30 0.1
YOPAL 2011 5 14 5 10 0.1
YOPAL 2011 5 14 6 10 0.1
YOPAL 2011 5 14 10 50 0.1
YOPAL 2011 5 14 13 10 0.1
YOPAL 2011 5 14 13 20 0.3
YOPAL 2011 5 14 13 30 0.2
YOPAL 2011 5 14 13 40 0.1
YOPAL 2011 5 14 14 10 0.3
YOPAL 2011 5 14 15 40 0.1
YOPAL 2011 5 14 21 0 0.1
YOPAL 2011 5 15 2 40 0.1
YOPAL 2011 5 15 22 50 0.1
YOPAL 2011 5 15 23 0 0.1
YOPAL 2011 5 15 23 10 0.3
YOPAL 2011 5 15 23 20 0.1
YOPAL 2011 5 16 1 0 0.1
YOPAL 2011 5 16 1 10 0.1
YOPAL 2011 5 16 1 20 0.3
YOPAL 2011 5 16 5 30 0.1
YOPAL 2011 5 16 6 20 0.5
YOPAL 2011 5 16 6 30 0.7
YOPAL 2011 5 16 6 40 0.8
YOPAL 2011 5 16 6 50 0.6
YOPAL 2011 5 16 7 0 0.2
YOPAL 2011 5 16 7 10 0.1
YOPAL 2011 5 16 7 20 0.1
YOPAL 2011 5 16 14 50 0.1
YOPAL 2011 5 16 15 0 0.3
YOPAL 2011 5 16 15 10 0.3
YOPAL 2011 5 16 15 20 0.5
YOPAL 2011 5 16 15 30 0.3
YOPAL 2011 5 16 16 0 0.4
YOPAL 2011 5 16 16 10 0.3
YOPAL 2011 5 16 16 20 0.4
YOPAL 2011 5 16 16 30 0.9
YOPAL 2011 5 16 16 40 0.1
YOPAL 2011 5 16 17 0 0.1
YOPAL 2011 5 16 17 10 0.2
YOPAL 2011 5 16 17 20 0.1
YOPAL 2011 5 16 17 30 0.1
YOPAL 2011 5 16 17 50 0.1
YOPAL 2011 5 16 22 50 0.1
YOPAL 2011 5 17 0 40 0.1
YOPAL 2011 5 17 0 50 0.1
YOPAL 2011 5 17 2 20 0.1
YOPAL 2011 5 17 2 30 0.1
YOPAL 2011 5 17 2 40 0.2
YOPAL 2011 5 17 3 20 0.1
YOPAL 2011 5 17 8 30 0.1
YOPAL 2011 5 17 9 40 0.2
YOPAL 2011 5 17 18 40 0.1
YOPAL 2011 5 17 18 50 0.1
YOPAL 2011 5 17 19 0 0.1
YOPAL 2011 5 17 19 10 0.3
YOPAL 2011 5 17 19 20 0.3
YOPAL 2011 5 17 19 30 0.4
YOPAL 2011 5 17 19 40 0.6
YOPAL 2011 5 17 19 50 0.3
YOPAL 2011 5 17 20 0 0.4
YOPAL 2011 5 17 20 10 0.2
YOPAL 2011 5 17 20 20 0.2
YOPAL 2011 5 17 20 30 0.2
YOPAL 2011 5 17 20 40 0.2
YOPAL 2011 5 17 20 50 0.2
YOPAL 2011 5 17 21 0 0.3
YOPAL 2011 5 17 21 10 0.2
YOPAL 2011 5 17 21 20 0.2
YOPAL 2011 5 17 21 30 0.3
YOPAL 2011 5 17 21 40 0.2
YOPAL 2011 5 17 21 50 0.1
YOPAL 2011 5 17 22 0 0.1
YOPAL 2011 5 18 8 20 0.1
YOPAL 2011 5 18 21 20 0.1
YOPAL 2011 5 18 22 20 2.5
YOPAL 2011 5 18 22 30 3.8
YOPAL 2011 5 18 22 40 1.6
YOPAL 2011 5 18 22 50 1
YOPAL 2011 5 18 23 0 0.4
YOPAL 2011 5 18 23 10 0.1
YOPAL 2011 5 18 23 20 0.1
YOPAL 2011 5 18 23 30 2.6
YOPAL 2011 5 18 23 40 0.3
YOPAL 2011 5 18 23 50 0.5
YOPAL 2011 5 19 0 0 0.4
YOPAL 2011 5 19 0 10 0.3
YOPAL 2011 5 19 0 20 0.1
YOPAL 2011 5 19 0 30 0.2
YOPAL 2011 5 19 0 40 0.1
YOPAL 2011 5 19 0 50 1.2
YOPAL 2011 5 19 1 0 4.7
YOPAL 2011 5 19 2 0 0.1
YOPAL 2011 5 19 2 10 0.2
YOPAL 2011 5 19 2 20 0.1
YOPAL 2011 5 19 2 30 0.1
YOPAL 2011 5 19 2 50 0.1
YOPAL 2011 5 19 3 0 0.2
YOPAL 2011 5 19 3 10 0.3
YOPAL 2011 5 19 3 20 0.3
YOPAL 2011 5 19 3 30 0.2
YOPAL 2011 5 19 3 40 0.2
YOPAL 2011 5 19 3 50 0.2
YOPAL 2011 5 19 4 0 0.3
YOPAL 2011 5 19 4 10 0.5
YOPAL 2011 5 19 4 20 0.3
YOPAL 2011 5 19 4 30 0.6
YOPAL 2011 5 19 4 40 0.4
YOPAL 2011 5 19 4 50 0.4
YOPAL 2011 5 19 5 0 0.3
YOPAL 2011 5 19 5 10 0.3
YOPAL 2011 5 19 5 20 0.4
YOPAL 2011 5 19 5 30 0.4
YOPAL 2011 5 19 5 40 0.3
YOPAL 2011 5 19 5 50 0.1
YOPAL 2011 5 19 6 0 0.2
YOPAL 2011 5 19 6 10 0.1
YOPAL 2011 5 19 6 20 0.1
YOPAL 2011 5 19 6 30 0.1
YOPAL 2011 5 19 6 40 0.1
YOPAL 2011 5 19 6 50 0.2
YOPAL 2011 5 19 7 0 0.2
YOPAL 2011 5 19 7 20 0.1
YOPAL 2011 5 19 7 30 0.1
YOPAL 2011 5 19 7 50 0.1
YOPAL 2011 5 19 8 0 0.1
YOPAL 2011 5 19 9 20 0.1
YOPAL 2011 5 19 10 20 0.1
YOPAL 2011 5 19 19 10 0.1
YOPAL 2011 5 19 22 30 0.1
YOPAL 2011 5 20 0 30 0.1
YOPAL 2011 5 20 1 0 0.1
YOPAL 2011 5 20 10 50 0.7
YOPAL 2011 5 20 11 0 0.5
YOPAL 2011 5 20 11 10 0.4
YOPAL 2011 5 20 11 20 1.8
YOPAL 2011 5 20 11 30 0.8
YOPAL 2011 5 20 11 40 0.4
YOPAL 2011 5 20 11 50 0.1
YOPAL 2011 5 20 12 0 0.3
YOPAL 2011 5 20 12 10 0.1
YOPAL 2011 5 21 7 40 0.1
YOPAL 2011 5 21 14 20 0.1
YOPAL 2011 5 21 14 30 0.1
YOPAL 2011 5 21 14 40 0.1
YOPAL 2011 5 21 14 50 0.1
YOPAL 2011 5 21 15 0 0.1
YOPAL 2011 5 21 15 20 0.1
YOPAL 2011 5 22 0 50 0.1
YOPAL 2011 5 22 1 0 0.2
YOPAL 2011 5 22 1 10 0.1
YOPAL 2011 5 22 1 20 0.3
YOPAL 2011 5 22 11 40 0.1
YOPAL 2011 5 22 12 0 0.1
YOPAL 2011 5 24 16 20 0.2
YOPAL 2011 5 24 16 50 0.2
YOPAL 2011 5 24 18 10 0.6
YOPAL 2011 5 24 18 20 2.6
YOPAL 2011 5 24 18 30 2.6
YOPAL 2011 5 24 18 40 0.1
YOPAL 2011 5 24 20 20 2.4
YOPAL 2011 5 24 20 30 1.5
YOPAL 2011 5 24 21 50 0.2
YOPAL 2011 5 24 22 0 0.3
YOPAL 2011 5 24 22 10 0.2
YOPAL 2011 5 25 6 50 0.1
YOPAL 2011 5 25 14 30 1.5
YOPAL 2011 5 25 14 40 6.5
YOPAL 2011 5 25 14 50 0.4
YOPAL 2011 5 25 15 0 2.2
YOPAL 2011 5 25 15 10 1.9
YOPAL 2011 5 25 15 20 0.1
YOPAL 2011 5 25 15 40 0.1
YOPAL 2011 5 25 15 50 0.1
YOPAL 2011 5 26 7 40 1.1
YOPAL 2011 5 26 7 50 0.1
YOPAL 2011 5 26 8 0 0.2
YOPAL 2011 5 26 8 20 0.2
YOPAL 2011 5 26 8 30 0.1
YOPAL 2011 5 26 9 0 0.3
YOPAL 2011 5 26 9 10 0.2
YOPAL 2011 5 26 9 20 0.1
YOPAL 2011 5 26 9 30 0.1
YOPAL 2011 5 26 9 40 0.2
YOPAL 2011 5 26 9 50 0.2
YOPAL 2011 5 26 10 0 0.1
YOPAL 2011 5 26 10 10 0.1
YOPAL 2011 5 26 10 20 0.1
YOPAL 2011 5 26 10 30 0.1
YOPAL 2011 5 26 10 40 0.1
YOPAL 2011 5 26 12 20 0.1
YOPAL 2011 5 27 2 0 0.8
YOPAL 2011 5 27 2 10 0.3
YOPAL 2011 5 27 2 50 0.1
YOPAL 2011 5 27 3 0 0.4
YOPAL 2011 5 27 3 10 0.1
YOPAL 2011 5 27 3 20 0.2
YOPAL 2011 5 27 3 30 0.2
YOPAL 2011 5 27 3 40 0.1
YOPAL 2011 5 27 3 50 0.5
YOPAL 2011 5 27 4 0 2.2
YOPAL 2011 5 27 4 10 1.1
YOPAL 2011 5 27 4 20 0.6
YOPAL 2011 5 27 4 30 1.5
YOPAL 2011 5 27 4 40 0.7
YOPAL 2011 5 27 4 50 1.8
YOPAL 2011 5 27 5 0 1.1
YOPAL 2011 5 27 5 10 0.7
YOPAL 2011 5 27 5 20 0.3
YOPAL 2011 5 27 5 30 0.3
YOPAL 2011 5 28 1 50 0.5
YOPAL 2011 5 28 2 0 0.5
YOPAL 2011 5 28 2 20 0.1
YOPAL 2011 5 28 2 30 0.8
YOPAL 2011 5 28 2 40 0.1
YOPAL 2011 5 28 7 20 0.1
YOPAL 2011 5 28 7 30 0.1
YOPAL 2011 5 28 7 40 0.1
YOPAL 2011 5 29 12 0 0.2
YOPAL 2011 5 29 12 10 0.1
YOPAL 2011 5 30 1 20 0.1
YOPAL 2011 5 30 1 30 2.3
YOPAL 2011 5 30 1 40 0.7
YOPAL 2011 5 30 1 50 0.2
YOPAL 2011 5 30 2 0 0.3
YOPAL 2011 5 30 2 10 0.4
YOPAL 2011 5 30 2 20 1.2
YOPAL 2011 5 30 2 30 1
YOPAL 2011 5 30 2 40 0.8
YOPAL 2011 5 30 2 50 1
YOPAL 2011 5 30 3 0 0.8
YOPAL 2011 5 30 3 10 0.7
YOPAL 2011 5 30 3 20 0.5
YOPAL 2011 5 30 3 30 0.6
YOPAL 2011 5 30 3 40 0.5
YOPAL 2011 5 30 3 50 0.2
YOPAL 2011 5 30 4 0 0.2
YOPAL 2011 5 30 4 10 0.2
YOPAL 2011 5 30 4 20 0.1
YOPAL 2011 5 30 9 20 0.3
YOPAL 2011 5 30 9 30 3.7
YOPAL 2011 5 30 9 40 2.7
YOPAL 2011 5 30 9 50 0.3
YOPAL 2011 5 30 10 0 0.1
YOPAL 2011 5 30 10 20 0.1
YOPAL 2011 5 30 18 30 0.2
YOPAL 2011 5 30 18 40 0.1
YOPAL 2011 5 30 19 0 0.1
YOPAL 2011 5 30 19 10 0.1
YOPAL 2011 5 30 21 40 0.1
YOPAL 2011 5 31 14 20 0.1
YOPAL 2011 5 31 14 50 0.1
YOPAL 2011 5 31 16 30 0.1
YOPAL 2011 5 31 17 10 0.4
YOPAL 2011 5 31 22 50 0.1
YOPAL 2011 5 31 23 0 0.1
YOPAL 2011 5 31 23 10 1.9
YOPAL 2011 5 31 23 20 0.1
YOPAL 2011 5 31 23 30 0.3
YOPAL 2011 5 31 23 40 0.9
YOPAL 2011 5 31 23 50 0.6
YOPAL 2011 6 1 0 10 0.1
YOPAL 2011 6 1 0 20 0.3
YOPAL 2011 6 1 0 30 0.3
YOPAL 2011 6 1 0 50 1.4
YOPAL 2011 6 1 1 0 1
YOPAL 2011 6 1 1 10 0.6
YOPAL 2011 6 1 1 20 0.1
YOPAL 2011 6 1 1 40 0.1
YOPAL 2011 6 1 1 50 0.2
YOPAL 2011 6 1 2 0 0.4
YOPAL 2011 6 1 2 10 0.6
YOPAL 2011 6 1 2 20 0.1
YOPAL 2011 6 1 3 20 0.1
YOPAL 2011 6 1 14 30 0.3
YOPAL 2011 6 1 14 40 5.1
YOPAL 2011 6 1 14 50 0.1
YOPAL 2011 6 1 15 0 0.2
YOPAL 2011 6 1 15 10 0.3
YOPAL 2011 6 1 15 40 2.5
YOPAL 2011 6 1 15 50 5.9
YOPAL 2011 6 1 16 0 1.1
YOPAL 2011 6 1 16 10 0.2
YOPAL 2011 6 2 3 20 0.1
YOPAL 2011 6 2 15 10 0.1
YOPAL 2011 6 2 21 40 0.1
YOPAL 2011 6 3 10 50 0.1
YOPAL 2011 6 3 12 30 0.1
YOPAL 2011 6 3 12 40 0.8
YOPAL 2011 6 3 12 50 0.7
YOPAL 2011 6 3 13 0 0.2
YOPAL 2011 6 3 13 10 0.7
YOPAL 2011 6 3 13 20 0.2
YOPAL 2011 6 3 20 10 0.1
YOPAL 2011 6 4 0 10 0.1
YOPAL 2011 6 4 2 0 0.1
YOPAL 2011 6 4 8 30 0.1
YOPAL 2011 6 4 13 0 0.1
YOPAL 2011 6 5 13 50 0.1
YOPAL 2011 6 5 20 10 0.1
YOPAL 2011 6 5 20 30 0.1
YOPAL 2011 6 6 3 0 0.2
YOPAL 2011 6 6 3 10 0.1
YOPAL 2011 6 6 6 50 0.1
YOPAL 2011 6 6 7 30 0.2
YOPAL 2011 6 6 9 0 0.1
YOPAL 2011 6 6 11 50 0.1
YOPAL 2011 6 6 20 40 0.1
YOPAL 2011 6 6 20 50 0.1
YOPAL 2011 6 8 0 0 0.1
YOPAL 2011 6 8 5 50 0.1
YOPAL 2011 6 8 7 20 0.7
YOPAL 2011 6 8 7 30 0.3
YOPAL 2011 6 8 7 40 1.2
YOPAL 2011 6 8 7 50 0.4
YOPAL 2011 6 8 8 0 0.8
YOPAL 2011 6 8 8 10 0.9
YOPAL 2011 6 8 8 20 1.4
YOPAL 2011 6 8 8 30 0.2
YOPAL 2011 6 8 9 10 0.1
YOPAL 2011 6 8 9 20 0.4
YOPAL 2011 6 8 9 50 0.9
YOPAL 2011 6 8 10 0 2.4
YOPAL 2011 6 8 10 10 0.6
YOPAL 2011 6 8 10 20 0.1
YOPAL 2011 6 8 10 30 0.8
YOPAL 2011 6 8 10 40 2.1
YOPAL 2011 6 8 10 50 2.6
YOPAL 2011 6 8 11 10 0.5
YOPAL 2011 6 8 11 20 0.1
YOPAL 2011 6 8 17 0 0.1
YOPAL 2011 6 8 17 10 0.1
YOPAL 2011 6 8 18 40 0.1
YOPAL 2011 6 8 23 30 0.1
YOPAL 2011 6 9 23 10 0.1
YOPAL 2011 6 9 23 20 0.1
YOPAL 2011 6 10 1 20 0.1
YOPAL 2011 6 10 5 50 0.1
YOPAL 2011 6 10 6 0 0.2
YOPAL 2011 6 10 6 10 0.1
YOPAL 2011 6 10 7 20 0.1
YOPAL 2011 6 10 7 30 0.2
YOPAL 2011 6 10 7 50 0.1
YOPAL 2011 6 10 8 0 0.1
YOPAL 2011 6 10 13 20 0.1
YOPAL 2011 6 10 20 10 0.1
YOPAL 2011 6 10 20 20 0.1
YOPAL 2011 6 10 21 30 0.1
YOPAL 2011 6 10 22 30 0.1
YOPAL 2011 6 11 17 10 0.3
YOPAL 2011 6 11 17 20 0.4
YOPAL 2011 6 11 17 30 0.2
YOPAL 2011 6 11 17 50 0.1
YOPAL 2011 6 11 18 20 0.1
YOPAL 2011 6 11 19 30 0.1
YOPAL 2011 6 11 19 40 0.2
YOPAL 2011 6 11 20 0 2.3
YOPAL 2011 6 11 21 30 0.1
YOPAL 2011 6 11 22 50 0.1
YOPAL 2011 6 12 7 50 0.1
YOPAL 2011 6 12 8 20 0.1
YOPAL 2011 6 12 9 30 0.1
YOPAL 2011 6 12 10 50 0.1
YOPAL 2011 6 13 3 50 0.1
YOPAL 2011 6 13 7 50 0.1
YOPAL 2011 6 13 8 20 0.1
YOPAL 2011 6 13 13 20 3.3
YOPAL 2011 6 13 13 30 0.1
YOPAL 2011 6 13 14 0 3.2
YOPAL 2011 6 13 14 10 3.2
YOPAL 2011 6 13 14 20 0.3
YOPAL 2011 6 13 14 30 0.7
YOPAL 2011 6 13 15 0 0.1
YOPAL 2011 6 14 3 50 0.5
YOPAL 2011 6 14 4 0 0.3
YOPAL 2011 6 14 4 30 0.1
YOPAL 2011 6 14 5 0 0.3
YOPAL 2011 6 14 6 0 0.2
YOPAL 2011 6 14 6 30 0.1
YOPAL 2011 6 14 6 50 0.1
YOPAL 2011 6 14 7 0 0.4
YOPAL 2011 6 14 7 10 0.2
YOPAL 2011 6 14 10 50 0.1
YOPAL 2011 6 14 23 20 0.1
YOPAL 2011 6 15 10 0 0.1
YOPAL 2011 6 15 18 10 0.1
YOPAL 2011 6 15 21 10 0.1
YOPAL 2011 6 15 22 20 0.1
YOPAL 2011 6 15 22 40 0.1
YOPAL 2011 6 15 23 10 0.1
YOPAL 2011 6 17 13 0 0.2
YOPAL 2011 6 17 21 0 0.1
YOPAL 2011 6 17 22 0 0.1
YOPAL 2011 6 18 8 20 0.1
YOPAL 2011 6 18 16 0 0.1
YOPAL 2011 6 18 17 40 0.1
YOPAL 2011 6 19 17 0 0.1
YOPAL 2011 6 19 20 30 0.1
YOPAL 2011 6 20 2 10 0.1
YOPAL 2011 6 20 3 10 0.1
YOPAL 2011 6 20 7 40 0.1
YOPAL 2011 6 21 2 30 0.8
YOPAL 2011 6 21 2 40 1.7
YOPAL 2011 6 21 2 50 0.9
YOPAL 2011 6 21 3 0 0.1
YOPAL 2011 6 21 3 40 0.1
YOPAL 2011 6 22 9 10 0.1
YOPAL 2011 6 22 18 10 0.1
YOPAL 2011 6 23 11 20 0.6
YOPAL 2011 6 23 12 10 0.2
YOPAL 2011 6 23 12 50 0.1
YOPAL 2011 6 23 13 0 0.3
YOPAL 2011 6 23 13 10 0.2
YOPAL 2011 6 23 13 40 0.2
YOPAL 2011 6 23 13 50 0.2
YOPAL 2011 6 23 14 0 1
YOPAL 2011 6 23 14 10 0.7
YOPAL 2011 6 23 15 40 0.7
YOPAL 2011 6 23 15 50 0.6
YOPAL 2011 6 23 16 0 0.7
YOPAL 2011 6 23 16 10 0.1
YOPAL 2011 6 23 19 10 0.1
YOPAL 2011 6 24 8 20 0.2
YOPAL 2011 6 24 20 20 0.1
YOPAL 2011 6 24 22 20 0.1
YOPAL 2011 6 25 14 30 6.8
YOPAL 2011 6 25 14 40 0.7
YOPAL 2011 6 25 18 30 0.2
YOPAL 2011 6 26 16 40 0.1
YOPAL 2011 6 26 16 50 0.1
YOPAL 2011 6 26 17 10 0.5
YOPAL 2011 6 26 18 20 4.8
YOPAL 2011 6 26 18 30 1.1
YOPAL 2011 6 26 18 40 2.2
YOPAL 2011 6 26 18 50 0.9
YOPAL 2011 6 26 19 0 1.1
YOPAL 2011 6 26 19 10 0.9
YOPAL 2011 6 26 19 20 0.7
YOPAL 2011 6 26 19 30 0.6
YOPAL 2011 6 26 19 40 0.5
YOPAL 2011 6 26 19 50 0.2
YOPAL 2011 6 26 20 0 0.1
YOPAL 2011 6 26 20 10 0.4
YOPAL 2011 6 26 20 20 0.2
YOPAL 2011 6 26 20 30 0.4
YOPAL 2011 6 26 20 40 0.5
YOPAL 2011 6 26 20 50 0.3
YOPAL 2011 6 26 21 0 0.2
YOPAL 2011 6 26 21 10 0.3
YOPAL 2011 6 26 21 20 0.4
YOPAL 2011 6 26 21 30 0.2
YOPAL 2011 6 26 21 50 0.1
YOPAL 2011 6 26 22 0 0.3
YOPAL 2011 6 26 23 40 0.1
YOPAL 2011 6 26 23 50 0.2
YOPAL 2011 6 27 0 0 0.3
YOPAL 2011 6 27 0 10 0.4
YOPAL 2011 6 27 0 20 1.7
YOPAL 2011 6 27 0 30 0.6
YOPAL 2011 6 27 0 40 0.4
YOPAL 2011 6 27 0 50 0.2
YOPAL 2011 6 27 1 0 0.3
YOPAL 2011 6 27 1 10 0.3
YOPAL 2011 6 27 1 20 0.2
YOPAL 2011 6 27 1 30 0.1
YOPAL 2011 6 27 6 30 0.1
YOPAL 2011 6 27 6 50 0.1
YOPAL 2011 6 27 11 50 0.1
YOPAL 2011 6 27 12 40 0.2
YOPAL 2011 6 27 12 50 1.2
YOPAL 2011 6 27 13 0 0.4
YOPAL 2011 6 27 13 10 0.1
YOPAL 2011 6 30 10 0 0.1
YOPAL 2011 6 30 10 10 0.6
YOPAL 2011 6 30 10 20 1.7
YOPAL 2011 6 30 10 30 1
YOPAL 2011 6 30 10 40 0.5
YOPAL 2011 6 30 10 50 0.1
YOPAL 2011 6 30 11 0 0.1
YOPAL 2011 6 30 11 10 0.3
YOPAL 2011 6 30 11 20 0.3
YOPAL 2011 6 30 11 30 0.2
YOPAL 2011 6 30 11 40 0.1
YOPAL 2011 7 5 3 40 0.3
YOPAL 2011 7 5 3 50 0.8
YOPAL 2011 7 5 4 0 0.7
YOPAL 2011 7 5 4 10 0.3
YOPAL 2011 7 5 4 20 0.7
YOPAL 2011 7 5 4 30 0.5
YOPAL 2011 7 5 4 40 1
YOPAL 2011 7 5 4 50 0.4
YOPAL 2011 7 5 5 0 0.3
YOPAL 2011 7 5 5 10 0.2
YOPAL 2011 7 5 5 20 0.1
YOPAL 2011 7 5 5 30 0.1
YOPAL 2011 7 5 5 40 0.2
YOPAL 2011 7 5 5 50 0.2
YOPAL 2011 7 5 6 0 0.1
YOPAL 2011 7 5 6 10 0.2
YOPAL 2011 7 5 6 20 0.1
YOPAL 2011 7 5 6 30 0.1
YOPAL 2011 7 5 6 50 0.1
YOPAL 2011 7 5 7 0 0.1
YOPAL 2011 7 5 7 10 0.1
YOPAL 2011 7 5 7 20 0.2
YOPAL 2011 7 5 7 30 0.2
YOPAL 2011 7 5 7 40 0.5
YOPAL 2011 7 5 7 50 0.4
YOPAL 2011 7 5 8 0 0.2
YOPAL 2011 7 5 8 10 0.2
YOPAL 2011 7 5 8 30 0.1
YOPAL 2011 7 5 8 40 0.1
YOPAL 2011 7 5 8 50 0.2
YOPAL 2011 7 5 9 0 0.1
YOPAL 2011 7 5 9 10 0.1
YOPAL 2011 7 5 20 50 0.5
YOPAL 2011 7 5 21 0 0.4
YOPAL 2011 7 5 22 40 0.2
YOPAL 2011 7 5 22 50 0.2
YOPAL 2011 7 5 23 0 0.1
YOPAL 2011 7 5 23 10 0.2
YOPAL 2011 7 5 23 20 1.2
YOPAL 2011 7 5 23 30 0.4
YOPAL 2011 7 5 23 40 6.5
YOPAL 2011 7 5 23 50 3.4
YOPAL 2011 7 6 0 0 0.7
YOPAL 2011 7 6 0 10 0.4
YOPAL 2011 7 6 0 20 0.6
YOPAL 2011 7 6 0 30 1.2
YOPAL 2011 7 6 0 40 0.5
YOPAL 2011 7 6 0 50 0.5
YOPAL 2011 7 6 1 0 0.1
YOPAL 2011 7 6 1 10 0.2
YOPAL 2011 7 6 1 20 0.2
YOPAL 2011 7 6 1 30 0.2
YOPAL 2011 7 6 1 40 0.2
YOPAL 2011 7 6 1 50 0.1
YOPAL 2011 7 6 2 0 0.1
YOPAL 2011 7 6 2 10 0.1
YOPAL 2011 7 6 2 30 0.1
YOPAL 2011 7 6 2 40 0.1
YOPAL 2011 7 6 3 0 0.1
YOPAL 2011 7 6 3 10 0.1
YOPAL 2011 7 6 3 20 0.3
YOPAL 2011 7 6 3 30 0.6
YOPAL 2011 7 6 3 40 0.5
YOPAL 2011 7 6 3 50 0.4
YOPAL 2011 7 6 4 0 0.7
YOPAL 2011 7 6 4 10 0.5
YOPAL 2011 7 6 4 20 0.3
YOPAL 2011 7 6 4 30 0.3
YOPAL 2011 7 6 4 40 0.5
YOPAL 2011 7 6 4 50 0.3
YOPAL 2011 7 6 5 0 0.2
YOPAL 2011 7 6 5 10 0.1
YOPAL 2011 7 6 5 30 0.1
YOPAL 2011 7 6 5 40 0.1
YOPAL 2011 7 6 5 50 0.1
YOPAL 2011 7 6 7 30 0.1
YOPAL 2011 7 6 7 40 0.2
YOPAL 2011 7 6 7 50 0.2
YOPAL 2011 7 6 8 0 0.4
YOPAL 2011 7 6 8 10 1.3
YOPAL 2011 7 6 8 20 1.2
YOPAL 2011 7 6 8 30 0.1
YOPAL 2011 7 6 9 40 0.2
YOPAL 2011 7 6 9 50 0.1
YOPAL 2011 7 6 10 20 0.2
YOPAL 2011 7 6 10 30 0.1
YOPAL 2011 7 6 11 0 0.2
YOPAL 2011 7 6 11 10 0.1
YOPAL 2011 7 6 11 20 0.4
YOPAL 2011 7 6 11 30 0.3
YOPAL 2011 7 6 11 40 0.2
YOPAL 2011 7 6 12 20 0.1
YOPAL 2011 7 6 13 0 0.1
YOPAL 2011 7 10 2 20 0.2
YOPAL 2011 7 10 3 10 0.1
YOPAL 2011 7 10 3 20 0.3
YOPAL 2011 7 10 3 30 0.3
YOPAL 2011 7 10 3 40 0.1
YOPAL 2011 7 10 3 50 0.1
YOPAL 2011 7 10 4 10 0.2
YOPAL 2011 7 10 4 20 0.1
YOPAL 2011 7 10 6 50 0.3
YOPAL 2011 7 10 7 10 0.1
YOPAL 2011 7 10 7 30 0.1
YOPAL 2011 7 10 7 50 2.1
YOPAL 2011 7 10 17 40 0.1
YOPAL 2011 7 10 17 50 0.3
YOPAL 2011 7 10 18 0 0.2
YOPAL 2011 7 10 18 30 0.1
YOPAL 2011 7 12 16 20 0.3
YOPAL 2011 7 12 16 30 1.1
YOPAL 2011 7 12 16 40 1.1
YOPAL 2011 7 12 18 40 1.2
YOPAL 2011 7 12 18 50 0.2
YOPAL 2011 7 12 19 0 0.3
YOPAL 2011 7 12 19 10 0.2
YOPAL 2011 7 12 19 20 0.1
YOPAL 2011 7 13 5 0 0.2
YOPAL 2011 7 13 8 40 0.1
YOPAL 2011 7 13 12 20 0.2
YOPAL 2011 7 13 12 30 0.1
YOPAL 2011 7 13 12 40 0.1
YOPAL 2011 7 14 7 30 0.1
YOPAL 2011 7 14 10 10 1.5
YOPAL 2011 7 14 10 20 0.1
YOPAL 2011 7 14 13 50 3
YOPAL 2011 7 18 5 20 0.1
YOPAL 2011 7 18 11 0 0.2
YOPAL 2011 7 18 12 10 4.5
YOPAL 2011 7 18 12 20 0.3
YOPAL 2011 7 18 12 40 4.3
YOPAL 2011 7 18 12 50 3.9
YOPAL 2011 7 18 13 0 3.5
YOPAL 2011 7 18 13 10 3.3
YOPAL 2011 7 18 13 20 1.4
YOPAL 2011 7 18 13 30 0.4
YOPAL 2011 7 18 14 0 0.2
YOPAL 2011 7 18 14 10 0.2
YOPAL 2011 7 18 16 30 0.1
YOPAL 2011 7 18 16 50 0.1
YOPAL 2011 7 18 19 40 0.1
YOPAL 2011 7 18 19 50 0.1
YOPAL 2011 7 18 20 0 0.1
YOPAL 2011 7 18 20 10 0.1
YOPAL 2011 7 18 20 20 0.1
YOPAL 2011 7 20 8 20 0.9
YOPAL 2011 7 20 8 30 0.2
YOPAL 2011 7 20 8 40 0.1
YOPAL 2011 7 20 8 50 0.1
YOPAL 2011 7 20 9 10 0.1
YOPAL 2011 7 20 10 10 0.1
YOPAL 2011 7 20 10 20 0.1
YOPAL 2011 7 20 10 30 0.1
YOPAL 2011 7 20 10 40 0.1
YOPAL 2011 7 20 10 50 0.1
YOPAL 2011 7 20 11 0 0.1
YOPAL 2011 7 20 12 50 0.1
YOPAL 2011 7 22 11 0 1.7
YOPAL 2011 7 22 11 10 1.7
YOPAL 2011 7 22 11 20 0.5
YOPAL 2011 7 22 11 30 0.2
YOPAL 2011 7 22 12 20 0.2
YOPAL 2011 7 22 12 30 0.2
YOPAL 2011 7 22 19 10 0.3
YOPAL 2011 7 22 19 30 0.8
YOPAL 2011 7 22 19 40 0.3
YOPAL 2011 7 22 20 10 0.1
YOPAL 2011 7 22 20 20 0.2
YOPAL 2011 7 22 20 30 0.2
YOPAL 2011 7 22 20 40 0.1
YOPAL 2011 7 22 20 50 0.1
YOPAL 2011 7 23 0 20 0.1
YOPAL 2011 7 23 7 50 0.1
YOPAL 2011 7 24 11 30 0.1
YOPAL 2011 7 24 11 40 0.2
YOPAL 2011 7 24 12 10 0.7
YOPAL 2011 7 24 12 20 1.9
YOPAL 2011 7 24 12 30 0.1
YOPAL 2011 7 24 12 50 1.3
YOPAL 2011 7 24 13 0 1.9
YOPAL 2011 7 24 13 10 0.2
YOPAL 2011 7 24 13 40 0.1
YOPAL 2011 7 26 19 40 0.1
YOPAL 2011 7 26 20 10 0.1
YOPAL 2011 7 26 20 20 0.1
YOPAL 2011 7 26 20 40 0.1
YOPAL 2011 7 27 0 10 0.1
YOPAL 2011 7 27 1 10 0.1
YOPAL 2011 7 27 2 50 0.1
YOPAL 2011 7 27 3 30 0.4
YOPAL 2011 7 27 13 10 0.6
YOPAL 2011 7 27 13 20 2.6
YOPAL 2011 7 27 13 30 1
YOPAL 2011 7 27 13 40 0.4
YOPAL 2011 7 27 14 0 0.1
YOPAL 2011 7 29 1 30 0.1
YOPAL 2011 7 29 1 50 0.2
YOPAL 2011 7 29 2 0 0.1
YOPAL 2011 7 29 2 10 0.4
YOPAL 2011 7 29 2 20 2.6
YOPAL 2011 7 29 2 30 11.2
YOPAL 2011 7 29 2 40 6.2
YOPAL 2011 7 29 2 50 0.8
YOPAL 2011 7 29 3 0 1.3
YOPAL 2011 7 29 3 10 0.9
YOPAL 2011 7 29 3 20 0.1
YOPAL 2011 7 29 7 20 3.1
YOPAL 2011 7 29 7 30 3.4
YOPAL 2011 7 29 7 40 2.5
YOPAL 2011 7 29 7 50 0.8
YOPAL 2011 7 29 8 0 2.6
YOPAL 2011 7 29 8 10 0.3
YOPAL 2011 7 29 8 40 0.1
YOPAL 2011 7 29 9 0 0.1
YOPAL 2011 7 29 11 10 0.1
YOPAL 2011 7 29 11 40 0.1
YOPAL 2011 7 29 13 10 0.2
YOPAL 2011 7 29 13 20 0.1
YOPAL 2011 7 29 14 40 0.1
YOPAL 2011 7 29 16 10 0.1
YOPAL 2011 7 29 18 0 0.1
YOPAL 2011 7 29 18 10 0.2
YOPAL 2011 7 29 18 20 0.3
YOPAL 2011 7 29 18 30 0.2
YOPAL 2011 7 29 18 40 0.4
YOPAL 2011 7 29 18 50 0.2
YOPAL 2011 7 29 19 0 0.2
YOPAL 2011 7 29 19 10 0.2
YOPAL 2011 7 29 19 20 0.1
YOPAL 2011 7 29 20 0 0.1
YOPAL 2011 7 29 21 10 0.1
YOPAL 2011 7 29 23 10 0.1
YOPAL 2011 7 30 10 0 0.1
YOPAL 2011 7 31 18 0 1.8
YOPAL 2011 7 31 18 10 0.3
YOPAL 2011 7 31 18 20 5.8
YOPAL 2011 7 31 18 30 2.4
YOPAL 2011 7 31 18 40 1.6
YOPAL 2011 7 31 18 50 0.4
YOPAL 2011 8 1 0 50 0.1
YOPAL 2011 8 3 3 0 0.7
YOPAL 2011 8 3 3 10 0.3
YOPAL 2011 8 3 3 20 0.1
YOPAL 2011 8 3 3 30 0.1
YOPAL 2011 8 3 3 40 0.1
YOPAL 2011 8 3 4 40 0.1
YOPAL 2011 8 4 5 20 0.4
YOPAL 2011 8 4 5 30 1
YOPAL 2011 8 4 5 40 0.7
YOPAL 2011 8 4 5 50 0.3
YOPAL 2011 8 4 6 20 0.1
YOPAL 2011 8 4 7 0 0.1
YOPAL 2011 8 4 17 10 0.1
YOPAL 2011 8 4 18 0 0.1
YOPAL 2011 8 6 14 30 0.1
YOPAL 2011 8 6 14 50 0.3
YOPAL 2011 8 6 15 10 0.1
YOPAL 2011 8 6 21 10 0.1
YOPAL 2011 8 6 21 20 0.1
YOPAL 2011 8 6 21 40 0.1
YOPAL 2011 8 6 23 30 0.1
YOPAL 2011 8 7 0 20 0.1
YOPAL 2011 8 7 6 0 1.8
YOPAL 2011 8 7 6 10 0.1
YOPAL 2011 8 7 9 10 2.2
YOPAL 2011 8 7 9 20 0.5
YOPAL 2011 8 7 10 10 0.1
YOPAL 2011 8 9 2 0 0.5
YOPAL 2011 8 9 2 10 0.1
YOPAL 2011 8 9 2 30 0.1
YOPAL 2011 8 9 2 40 0.1
YOPAL 2011 8 9 2 50 0.1
YOPAL 2011 8 9 3 0 0.9
YOPAL 2011 8 9 3 10 0.2
YOPAL 2011 8 9 3 20 0.1
YOPAL 2011 8 9 3 30 0.1
YOPAL 2011 8 9 3 40 0.2
YOPAL 2011 8 9 3 50 0.6
YOPAL 2011 8 9 4 0 0.2
YOPAL 2011 8 9 4 20 1.4
YOPAL 2011 8 9 4 30 0.7
YOPAL 2011 8 9 4 40 0.7
YOPAL 2011 8 9 4 50 0.9
YOPAL 2011 8 9 5 0 0.4
YOPAL 2011 8 9 5 10 0.2
YOPAL 2011 8 9 5 20 0.4
YOPAL 2011 8 9 5 30 1
YOPAL 2011 8 9 5 40 2
YOPAL 2011 8 9 5 50 2.2
YOPAL 2011 8 9 6 0 0.5
YOPAL 2011 8 9 6 10 0.4
YOPAL 2011 8 9 9 20 0.1
YOPAL 2011 8 9 9 40 0.2
YOPAL 2011 8 9 10 10 0.1
YOPAL 2011 8 11 0 30 0.1
YOPAL 2011 8 11 9 0 0.1
YOPAL 2011 8 11 17 50 1.4
YOPAL 2011 8 11 18 0 5.5
YOPAL 2011 8 11 18 10 3.6
YOPAL 2011 8 11 18 20 1.4
YOPAL 2011 8 11 18 30 1.3
YOPAL 2011 8 11 18 40 1.2
YOPAL 2011 8 11 19 0 0.1
YOPAL 2011 8 11 19 20 0.1
YOPAL 2011 8 11 19 50 0.1
YOPAL 2011 8 11 20 0 0.1
YOPAL 2011 8 11 20 10 0.3
YOPAL 2011 8 11 20 20 0.2
YOPAL 2011 8 11 20 30 0.3
YOPAL 2011 8 11 20 40 0.4
YOPAL 2011 8 11 20 50 0.4
YOPAL 2011 8 11 21 0 0.3
YOPAL 2011 8 11 21 10 0.2
YOPAL 2011 8 11 21 20 0.1
YOPAL 2011 8 11 21 30 0.1
YOPAL 2011 8 11 21 50 0.3
YOPAL 2011 8 11 22 0 0.2
YOPAL 2011 8 11 22 10 0.1
YOPAL 2011 8 11 22 20 0.1
YOPAL 2011 8 11 22 30 0.1
YOPAL 2011 8 11 23 40 0.1
YOPAL 2011 8 11 23 50 0.1
YOPAL 2011 8 12 0 0 0.1
YOPAL 2011 8 12 0 30 0.1
YOPAL 2011 8 12 15 50 0.2
YOPAL 2011 8 12 16 0 0.5
YOPAL 2011 8 15 8 50 0.1
YOPAL 2011 8 15 12 20 0.5
YOPAL 2011 8 15 13 30 0.1
YOPAL 2011 8 15 15 30 0.9
YOPAL 2011 8 15 15 40 0.3
YOPAL 2011 8 15 15 50 3.5
YOPAL 2011 8 15 16 0 0.9
YOPAL 2011 8 15 16 10 0.9
YOPAL 2011 8 15 16 20 0.8
YOPAL 2011 8 15 16 30 0.2
YOPAL 2011 8 15 16 40 0.1
YOPAL 2011 8 15 17 0 0.2
YOPAL 2011 8 15 17 10 1.4
YOPAL 2011 8 15 17 20 2
YOPAL 2011 8 15 17 30 0.3
YOPAL 2011 8 19 23 10 0.1
YOPAL 2011 8 19 23 20 0.1
YOPAL 2011 8 19 23 30 0.1
YOPAL 2011 8 20 0 20 0.1
YOPAL 2011 8 20 3 0 1.1
YOPAL 2011 8 20 3 10 0.4
YOPAL 2011 8 20 3 20 1
YOPAL 2011 8 20 4 30 0.1
YOPAL 2011 8 20 5 10 4.8
YOPAL 2011 8 20 5 20 1.7
YOPAL 2011 8 20 5 30 3.1
YOPAL 2011 8 20 5 40 0.3
YOPAL 2011 8 20 5 50 0.2
YOPAL 2011 8 20 6 40 0.1
YOPAL 2011 8 20 6 50 0.1
YOPAL 2011 8 20 7 0 0.1
YOPAL 2011 8 20 7 20 0.3
YOPAL 2011 8 20 7 30 0.2
YOPAL 2011 8 20 7 40 0.2
YOPAL 2011 8 20 7 50 0.1
YOPAL 2011 8 20 8 0 0.1
YOPAL 2011 8 20 8 10 0.1
YOPAL 2011 8 20 8 20 0.1
YOPAL 2011 8 20 11 20 0.1
YOPAL 2011 8 20 11 30 0.1
YOPAL 2011 8 20 11 40 0.4
YOPAL 2011 8 20 11 50 0.4
YOPAL 2011 8 20 12 0 0.5
YOPAL 2011 8 20 12 10 0.4
YOPAL 2011 8 20 12 20 0.2
YOPAL 2011 8 20 12 30 0.1
YOPAL 2011 8 20 12 50 0.1
YOPAL 2011 8 20 13 40 0.1
YOPAL 2011 8 22 5 40 0.8
YOPAL 2011 8 22 5 50 0.1
YOPAL 2011 8 22 6 0 0.1
YOPAL 2011 8 22 6 10 0.2
YOPAL 2011 8 22 6 20 0.2
YOPAL 2011 8 22 6 30 0.1
YOPAL 2011 8 22 6 40 0.3
YOPAL 2011 8 22 6 50 0.8
YOPAL 2011 8 22 7 0 0.7
YOPAL 2011 8 22 7 10 1.3
YOPAL 2011 8 22 7 20 0.4
YOPAL 2011 8 22 7 30 0.3
YOPAL 2011 8 22 7 40 0.1
YOPAL 2011 8 22 7 50 0.1
YOPAL 2011 8 22 8 0 0.1
YOPAL 2011 8 22 8 20 0.1
YOPAL 2011 8 22 8 50 0.1
YOPAL 2011 8 22 9 0 0.1
YOPAL 2011 8 22 9 20 0.1
YOPAL 2011 8 23 6 0 0.2
YOPAL 2011 8 23 6 10 0.1
YOPAL 2011 8 23 7 50 0.1
YOPAL 2011 8 23 8 0 0.2
YOPAL 2011 8 23 8 10 0.1
YOPAL 2011 8 23 8 20 0.1
YOPAL 2011 8 23 9 20 0.1
YOPAL 2011 8 23 9 30 0.1
YOPAL 2011 8 23 10 0 0.1
YOPAL 2011 8 23 10 20 0.2
YOPAL 2011 8 23 10 30 0.2
YOPAL 2011 8 23 10 40 0.1
YOPAL 2011 8 23 10 50 1.6
YOPAL 2011 8 23 11 10 0.1
YOPAL 2011 8 23 11 30 0.1
YOPAL 2011 8 23 11 40 2.7
YOPAL 2011 8 23 11 50 0.8
YOPAL 2011 8 23 12 0 0.6
YOPAL 2011 8 23 12 10 0.6
YOPAL 2011 8 23 12 20 0.3
YOPAL 2011 8 23 12 30 0.4
YOPAL 2011 8 23 12 40 1.1
YOPAL 2011 8 23 12 50 0.8
YOPAL 2011 8 23 13 0 0.5
YOPAL 2011 8 23 13 10 0.4
YOPAL 2011 8 23 13 20 0.3
YOPAL 2011 8 23 13 30 0.1
YOPAL 2011 8 23 13 50 0.1
YOPAL 2011 8 23 16 50 0.3
YOPAL 2011 8 23 17 0 0.4
YOPAL 2011 8 23 18 0 0.1
YOPAL 2011 8 23 20 0 0.1
YOPAL 2011 8 23 20 50 0.1
YOPAL 2011 8 26 8 10 0.1
YOPAL 2011 8 26 8 20 0.3
YOPAL 2011 8 26 8 30 0.2
YOPAL 2011 8 26 8 40 0.2
YOPAL 2011 8 26 8 50 0.9
YOPAL 2011 8 26 9 0 0.2
YOPAL 2011 8 26 9 10 0.3
YOPAL 2011 8 26 9 20 0.3
YOPAL 2011 8 26 9 30 0.1
YOPAL 2011 8 26 9 40 0.3
YOPAL 2011 8 26 9 50 0.4
YOPAL 2011 8 26 10 0 0.2
YOPAL 2011 8 26 10 10 0.4
YOPAL 2011 8 26 10 20 0.5
YOPAL 2011 8 26 10 30 0.8
YOPAL 2011 8 26 10 40 1.2
YOPAL 2011 8 26 10 50 3.8
YOPAL 2011 8 26 11 0 1.2
YOPAL 2011 8 26 11 10 0.6
YOPAL 2011 8 26 11 20 4
YOPAL 2011 8 26 11 30 0.9
YOPAL 2011 8 26 11 40 0.6
YOPAL 2011 8 26 11 50 0.8
YOPAL 2011 8 26 12 0 0.5
YOPAL 2011 8 26 12 10 1.2
YOPAL 2011 8 26 12 20 0.6
YOPAL 2011 8 26 12 30 0.3
YOPAL 2011 8 26 12 40 0.1
YOPAL 2011 8 26 12 50 0.1
YOPAL 2011 8 27 2 0 0.1
YOPAL 2011 8 27 6 0 0.1
YOPAL 2011 8 31 17 30 0.1
YOPAL 2011 8 31 17 40 0.3
YOPAL 2011 8 31 17 50 0.2
YOPAL 2011 8 31 18 0 0.1
YOPAL 2011 8 31 19 30 0.1
YOPAL 2011 8 31 19 40 0.2
YOPAL 2011 8 31 19 50 1
YOPAL 2011 8 31 20 0 0.5
YOPAL 2011 8 31 20 10 0.1
YOPAL 2011 8 31 20 20 0.1
YOPAL 2011 8 31 20 30 0.3
YOPAL 2011 8 31 20 40 0.3
YOPAL 2011 8 31 20 50 0.5
YOPAL 2011 9 1 14 0 0.3
YOPAL 2011 9 1 14 10 0.4
YOPAL 2011 9 1 14 20 0.3
YOPAL 2011 9 1 14 30 0.2
YOPAL 2011 9 1 14 40 0.1
YOPAL 2011 9 2 22 40 1.4
YOPAL 2011 9 2 22 50 0.8
YOPAL 2011 9 2 23 0 0.4
YOPAL 2011 9 2 23 10 0.5
YOPAL 2011 9 2 23 20 0.1
YOPAL 2011 9 2 23 40 0.6
YOPAL 2011 9 2 23 50 0.1
YOPAL 2011 9 3 0 10 0.8
YOPAL 2011 9 3 0 20 1.6
YOPAL 2011 9 3 0 30 1.6
YOPAL 2011 9 3 0 40 3.7
YOPAL 2011 9 3 0 50 0.6
YOPAL 2011 9 3 1 0 1.4
YOPAL 2011 9 3 1 10 0.6
YOPAL 2011 9 3 1 20 0.6
YOPAL 2011 9 3 1 30 0.3
YOPAL 2011 9 3 1 40 0.3
YOPAL 2011 9 3 1 50 0.3
YOPAL 2011 9 3 2 0 0.2
YOPAL 2011 9 3 2 10 0.2
YOPAL 2011 9 3 2 20 0.2
YOPAL 2011 9 3 2 30 0.1
YOPAL 2011 9 3 20 20 0.1
YOPAL 2011 9 3 20 30 0.1
YOPAL 2011 9 3 20 40 0.2
YOPAL 2011 9 3 20 50 1.6
YOPAL 2011 9 3 21 0 0.1
YOPAL 2011 9 3 21 10 0.1
YOPAL 2011 9 3 21 20 0.3
YOPAL 2011 9 3 21 30 1.6
YOPAL 2011 9 3 21 40 0.6
YOPAL 2011 9 3 22 0 0.1
YOPAL 2011 9 3 22 10 0.2
YOPAL 2011 9 4 2 30 1
YOPAL 2011 9 4 2 40 1.3
YOPAL 2011 9 4 2 50 0.1
YOPAL 2011 9 4 3 0 0.1
YOPAL 2011 9 4 3 20 0.1
YOPAL 2011 9 4 6 50 0.1
YOPAL 2011 9 5 23 30 0.6
YOPAL 2011 9 6 4 10 0.6
YOPAL 2011 9 6 4 20 0.1
YOPAL 2011 9 6 6 30 0.1
YOPAL 2011 9 6 14 0 2.5
YOPAL 2011 9 6 14 10 2.8
YOPAL 2011 9 6 14 20 1.6
YOPAL 2011 9 6 14 30 0.8
YOPAL 2011 9 6 14 40 0.4
YOPAL 2011 9 6 16 0 0.1
YOPAL 2011 9 8 13 20 0.1
YOPAL 2011 9 8 13 30 0.1
YOPAL 2011 9 8 13 40 0.2
YOPAL 2011 9 8 13 50 0.3
YOPAL 2011 9 8 14 0 0.3
YOPAL 2011 9 8 14 10 0.3
YOPAL 2011 9 8 14 20 0.2
YOPAL 2011 9 8 14 30 0.3
YOPAL 2011 9 8 14 40 0.2
YOPAL 2011 9 8 14 50 0.2
YOPAL 2011 9 8 15 0 0.2
YOPAL 2011 9 8 15 10 0.3
YOPAL 2011 9 8 15 20 0.1
YOPAL 2011 9 11 3 30 0.4
YOPAL 2011 9 11 3 40 0.6
YOPAL 2011 9 11 3 50 8
YOPAL 2011 9 11 4 0 8
YOPAL 2011 9 11 4 10 1
YOPAL 2011 9 11 4 20 0.6
YOPAL 2011 9 11 4 30 0.8
YOPAL 2011 9 11 4 40 0.1
YOPAL 2011 9 11 4 50 0.3
YOPAL 2011 9 11 5 0 0.4
YOPAL 2011 9 11 5 10 0.2
YOPAL 2011 9 11 5 20 0.2
YOPAL 2011 9 11 6 40 0.1
YOPAL 2011 9 11 6 50 0.1
YOPAL 2011 9 11 7 10 1
YOPAL 2011 9 11 7 20 2.6
YOPAL 2011 9 11 7 30 1.3
YOPAL 2011 9 11 7 40 3.4
YOPAL 2011 9 11 7 50 1.1
YOPAL 2011 9 11 8 0 0.3
YOPAL 2011 9 11 8 10 0.3
YOPAL 2011 9 11 8 20 0.2
YOPAL 2011 9 11 8 30 0.2
YOPAL 2011 9 11 9 0 0.1
YOPAL 2011 9 11 9 10 0.1
YOPAL 2011 9 11 9 20 0.1
YOPAL 2011 9 11 10 10 0.1
YOPAL 2011 9 11 22 20 0.1
YOPAL 2011 9 11 23 0 6.8
YOPAL 2011 9 11 23 10 1.1
YOPAL 2011 9 11 23 20 1.5
YOPAL 2011 9 11 23 30 0.8
YOPAL 2011 9 11 23 40 0.3
YOPAL 2011 9 11 23 50 0.3
YOPAL 2011 9 12 0 0 0.3
YOPAL 2011 9 12 0 10 0.7
YOPAL 2011 9 12 0 20 0.4
YOPAL 2011 9 12 0 30 0.2
YOPAL 2011 9 12 0 40 0.5
YOPAL 2011 9 12 0 50 0.3
YOPAL 2011 9 12 1 0 0.4
YOPAL 2011 9 12 1 10 0.1
YOPAL 2011 9 12 1 20 0.4
YOPAL 2011 9 12 1 50 0.1
YOPAL 2011 9 12 2 0 0.1
YOPAL 2011 9 12 2 10 0.1
YOPAL 2011 9 12 2 30 0.1
YOPAL 2011 9 12 2 40 0.2
YOPAL 2011 9 12 3 0 0.1
YOPAL 2011 9 12 3 10 0.1
YOPAL 2011 9 12 3 20 0.1
YOPAL 2011 9 12 3 30 0.1
YOPAL 2011 9 12 5 30 0.1
YOPAL 2011 9 12 5 40 0.1
YOPAL 2011 9 12 6 30 0.1
YOPAL 2011 9 13 6 20 0.1
YOPAL 2011 9 14 4 0 1.1
YOPAL 2011 9 14 4 10 0.4
YOPAL 2011 9 14 4 20 0.2
YOPAL 2011 9 14 4 30 0.8
YOPAL 2011 9 14 4 40 0.3
YOPAL 2011 9 14 4 50 0.4
YOPAL 2011 9 14 5 0 0.7
YOPAL 2011 9 14 5 10 0.2
YOPAL 2011 9 14 5 40 0.2
YOPAL 2011 9 14 6 0 0.1
YOPAL 2011 9 14 6 10 0.1
YOPAL 2011 9 14 6 20 0.1
YOPAL 2011 9 14 6 40 0.5
YOPAL 2011 9 14 6 50 0.3
YOPAL 2011 9 14 7 0 0.3
YOPAL 2011 9 14 7 10 0.2
YOPAL 2011 9 14 7 20 0.5
YOPAL 2011 9 14 7 30 0.4
YOPAL 2011 9 14 7 40 0.4
YOPAL 2011 9 14 7 50 0.3
YOPAL 2011 9 14 8 0 0.3
YOPAL 2011 9 14 8 10 0.2
YOPAL 2011 9 14 8 20 0.2
YOPAL 2011 9 14 8 30 0.2
YOPAL 2011 9 14 8 40 0.2
YOPAL 2011 9 14 8 50 0.2
YOPAL 2011 9 14 9 0 0.4
YOPAL 2011 9 14 9 10 0.5
YOPAL 2011 9 14 9 20 0.5
YOPAL 2011 9 14 9 30 0.2
YOPAL 2011 9 14 9 40 0.2
YOPAL 2011 9 14 9 50 0.3
YOPAL 2011 9 14 10 0 0.2
YOPAL 2011 9 14 10 10 0.1
YOPAL 2011 9 14 10 20 0.2
YOPAL 2011 9 14 10 30 0.1
YOPAL 2011 9 14 10 40 0.2
YOPAL 2011 9 14 10 50 0.2
YOPAL 2011 9 14 11 0 0.2
YOPAL 2011 9 14 11 10 0.1
YOPAL 2011 9 14 11 20 0.1
YOPAL 2011 9 14 11 40 0.1
YOPAL 2011 9 14 11 50 0.1
YOPAL 2011 9 14 12 20 0.1
YOPAL 2011 9 14 12 50 0.1
YOPAL 2011 9 16 7 0 0.9
YOPAL 2011 9 16 7 10 2
YOPAL 2011 9 16 7 20 9.2
YOPAL 2011 9 16 7 30 7.7
YOPAL 2011 9 16 7 40 3.3
YOPAL 2011 9 16 7 50 0.8
YOPAL 2011 9 16 8 0 0.8
YOPAL 2011 9 16 8 10 0.1
YOPAL 2011 9 16 8 30 0.2
YOPAL 2011 9 16 8 40 0.2
YOPAL 2011 9 16 8 50 0.2
YOPAL 2011 9 16 9 0 0.3
YOPAL 2011 9 16 9 10 0.2
YOPAL 2011 9 16 9 20 0.2
YOPAL 2011 9 16 9 30 0.3
YOPAL 2011 9 16 9 40 0.3
YOPAL 2011 9 16 9 50 0.4
YOPAL 2011 9 16 10 40 0.1
YOPAL 2011 9 18 5 10 0.2
YOPAL 2011 9 18 5 20 0.1
YOPAL 2011 9 18 5 30 0.1
YOPAL 2011 9 18 5 40 0.1
YOPAL 2011 9 18 6 30 0.1
YOPAL 2011 9 18 6 40 0.1
YOPAL 2011 9 18 6 50 0.1
YOPAL 2011 9 18 7 0 0.1
YOPAL 2011 9 18 7 10 0.1
YOPAL 2011 9 21 13 20 1.6
YOPAL 2011 9 21 13 30 3.9
YOPAL 2011 9 21 13 40 0.7
YOPAL 2011 9 21 13 50 0.5
YOPAL 2011 9 21 14 0 0.1
YOPAL 2011 9 21 14 10 0.1
YOPAL 2011 9 21 14 20 0.2
YOPAL 2011 9 21 14 30 0.3
YOPAL 2011 9 21 14 40 0.4
YOPAL 2011 9 21 14 50 0.4
YOPAL 2011 9 21 15 0 0.4
YOPAL 2011 9 21 15 10 0.5
YOPAL 2011 9 21 15 20 0.3
YOPAL 2011 9 21 15 30 0.5
YOPAL 2011 9 21 15 40 0.4
YOPAL 2011 9 21 15 50 0.3
YOPAL 2011 9 21 16 0 0.3
YOPAL 2011 9 21 16 10 0.3
YOPAL 2011 9 21 16 20 0.3
YOPAL 2011 9 21 16 30 0.2
YOPAL 2011 9 21 16 40 0.1
YOPAL 2011 9 21 16 50 0.1
YOPAL 2011 9 21 17 0 0.1
YOPAL 2011 9 24 19 30 0.3
YOPAL 2011 9 24 19 40 0.1
YOPAL 2011 9 24 19 50 0.4
YOPAL 2011 9 24 20 30 0.3
YOPAL 2011 9 24 20 40 3.3
YOPAL 2011 9 24 20 50 1.6
YOPAL 2011 9 24 21 0 0.1
YOPAL 2011 9 25 0 20 0.1
YOPAL 2011 9 25 1 0 0.1
YOPAL 2011 9 25 1 10 0.2
YOPAL 2011 9 25 1 20 0.3
YOPAL 2011 9 25 1 30 0.1
YOPAL 2011 9 25 2 0 0.2
YOPAL 2011 9 25 7 30 0.1
YOPAL 2011 9 25 10 50 1
YOPAL 2011 9 25 11 0 0.1
YOPAL 2011 9 25 17 50 0.3
YOPAL 2011 9 25 18 30 0.1
YOPAL 2011 9 25 18 40 0.3
YOPAL 2011 9 25 18 50 1.3
YOPAL 2011 9 25 19 0 0.8
YOPAL 2011 9 25 19 10 0.6
YOPAL 2011 9 25 19 20 0.7
YOPAL 2011 9 25 19 30 0.2
YOPAL 2011 9 25 19 40 0.2
YOPAL 2011 9 25 19 50 0.1
YOPAL 2011 9 25 20 0 0.1
YOPAL 2011 9 25 20 10 0.1
YOPAL 2011 9 25 20 20 0.2
YOPAL 2011 9 25 21 40 0.1
YOPAL 2011 9 25 21 50 0.1
YOPAL 2011 9 25 22 20 0.1
YOPAL 2011 9 25 23 10 0.1
YOPAL 2011 9 26 6 0 0.1
YOPAL 2011 9 28 13 10 1.5
YOPAL 2011 9 28 13 20 3.8
YOPAL 2011 9 28 13 30 5.4
YOPAL 2011 9 28 13 40 4.6
YOPAL 2011 9 28 13 50 2.4
YOPAL 2011 9 28 14 0 0.2
YOPAL 2011 9 28 14 10 0.1
YOPAL 2011 9 28 15 20 0.1
YOPAL 2011 9 28 15 50 0.1
YOPAL 2011 10 1 22 50 0.1
YOPAL 2011 10 3 18 10 0.2
YOPAL 2011 10 3 19 40 0.1
YOPAL 2011 10 3 22 40 0.1
YOPAL 2011 10 4 5 50 0.1
YOPAL 2011 10 5 11 50 4.4
YOPAL 2011 10 5 12 0 1.7
YOPAL 2011 10 5 12 10 0.2
YOPAL 2011 10 5 12 20 0.1
YOPAL 2011 10 5 12 30 0.1
YOPAL 2011 10 6 16 10 0.5
YOPAL 2011 10 6 16 20 1.3
YOPAL 2011 10 6 16 30 6.1
YOPAL 2011 10 6 16 40 3.2
YOPAL 2011 10 6 16 50 6.3
YOPAL 2011 10 6 17 0 1.5
YOPAL 2011 10 6 17 10 0.6
YOPAL 2011 10 6 17 20 0.7
YOPAL 2011 10 6 17 30 0.5
YOPAL 2011 10 6 17 40 0.3
YOPAL 2011 10 6 17 50 0.3
YOPAL 2011 10 6 18 0 0.1
YOPAL 2011 10 6 18 30 0.3
YOPAL 2011 10 6 18 40 0.1
YOPAL 2011 10 6 18 50 0.6
YOPAL 2011 10 6 19 0 0.3
YOPAL 2011 10 6 19 10 0.2
YOPAL 2011 10 6 19 20 0.1
YOPAL 2011 10 6 19 30 0.2
YOPAL 2011 10 6 19 40 0.3
YOPAL 2011 10 6 19 50 0.2
YOPAL 2011 10 6 20 0 0.2
YOPAL 2011 10 6 20 10 0.2
YOPAL 2011 10 6 20 20 0.2
YOPAL 2011 10 12 14 10 0.4
YOPAL 2011 10 12 14 50 0.2
YOPAL 2011 10 12 15 0 5.8
YOPAL 2011 10 12 15 10 1.8
YOPAL 2011 10 12 16 30 1.7
YOPAL 2011 10 12 16 40 0.7
YOPAL 2011 10 12 16 50 0.2
YOPAL 2011 10 12 17 30 0.2
YOPAL 2011 10 12 17 40 0.4
YOPAL 2011 10 12 17 50 0.7
YOPAL 2011 10 12 18 0 0.3
YOPAL 2011 10 12 18 10 0.1
YOPAL 2011 10 12 18 20 0.1
YOPAL 2011 10 12 18 30 0.1
YOPAL 2011 10 12 18 40 0.3
YOPAL 2011 10 12 18 50 0.1
YOPAL 2011 10 12 19 10 0.1
YOPAL 2011 10 12 19 20 0.2
YOPAL 2011 10 12 19 30 0.5
YOPAL 2011 10 12 19 40 0.2
YOPAL 2011 10 12 19 50 0.4
YOPAL 2011 10 12 20 0 0.3
YOPAL 2011 10 12 20 10 0.1
YOPAL 2011 10 12 20 20 0.1
YOPAL 2011 10 12 20 30 0.2
YOPAL 2011 10 12 21 40 0.2
YOPAL 2011 10 12 22 0 0.2
YOPAL 2011 10 12 22 10 0.2
YOPAL 2011 10 12 22 20 0.1
YOPAL 2011 10 14 16 20 0.1
YOPAL 2011 10 14 23 50 0.1
YOPAL 2011 10 15 5 10 0.1
YOPAL 2011 10 17 17 40 0.5
YOPAL 2011 10 17 17 50 0.1
YOPAL 2011 10 17 18 30 0.1
YOPAL 2011 10 17 22 10 0.1
YOPAL 2011 10 17 22 20 0.2
YOPAL 2011 10 17 22 30 0.1
YOPAL 2011 10 17 22 40 0.1
YOPAL 2011 10 17 22 50 0.2
YOPAL 2011 10 17 23 0 0.2
YOPAL 2011 10 17 23 10 0.1
YOPAL 2011 10 17 23 20 0.2
YOPAL 2011 10 17 23 30 0.1
YOPAL 2011 10 18 3 0 0.1
YOPAL 2011 10 20 0 20 0.1
YOPAL 2011 10 20 0 30 2.3
YOPAL 2011 10 20 0 40 4
YOPAL 2011 10 20 0 50 1.9
YOPAL 2011 10 20 1 0 7.2
YOPAL 2011 10 20 1 10 0.9
YOPAL 2011 10 20 1 20 3.6
YOPAL 2011 10 20 1 30 1.8
YOPAL 2011 10 20 1 40 1.6
YOPAL 2011 10 20 1 50 1.3
YOPAL 2011 10 20 2 0 1
YOPAL 2011 10 20 2 10 1.5
YOPAL 2011 10 20 2 20 1.1
YOPAL 2011 10 20 2 30 4
YOPAL 2011 10 20 2 40 4
YOPAL 2011 10 20 2 50 5.5
YOPAL 2011 10 20 3 0 4.3
YOPAL 2011 10 20 3 10 1.5
YOPAL 2011 10 20 3 20 0.4
YOPAL 2011 10 20 3 30 0.8
YOPAL 2011 10 20 3 40 0.6
YOPAL 2011 10 20 3 50 0.2
YOPAL 2011 10 20 4 0 0.1
YOPAL 2011 10 20 4 10 0.1
YOPAL 2011 10 20 4 20 0.2
YOPAL 2011 10 20 4 30 0.2
YOPAL 2011 10 20 4 40 0.3
YOPAL 2011 10 20 4 50 0.3
YOPAL 2011 10 20 5 0 0.2
YOPAL 2011 10 20 5 10 0.2
YOPAL 2011 10 20 5 40 0.5
YOPAL 2011 10 20 5 50 0.3
YOPAL 2011 10 20 6 0 0.2
YOPAL 2011 10 20 6 10 0.1
YOPAL 2011 10 20 6 20 0.5
YOPAL 2011 10 20 6 30 0.1
YOPAL 2011 10 20 6 40 0.1
YOPAL 2011 10 20 7 10 0.3
YOPAL 2011 10 20 7 20 0.2
YOPAL 2011 10 20 7 30 0.3
YOPAL 2011 10 20 7 40 0.1
YOPAL 2011 10 20 7 50 0.1
YOPAL 2011 10 20 8 0 0.1
YOPAL 2011 10 20 8 10 0.3
YOPAL 2011 10 20 8 20 0.1
YOPAL 2011 10 20 8 30 0.2
YOPAL 2011 10 20 8 40 0.1
YOPAL 2011 10 20 8 50 0.2
YOPAL 2011 10 20 9 0 0.1
YOPAL 2011 10 20 9 30 0.1
YOPAL 2011 10 20 10 10 0.1
YOPAL 2011 10 20 10 20 0.3
YOPAL 2011 10 20 10 30 0.2
YOPAL 2011 10 20 10 40 0.2
YOPAL 2011 10 20 10 50 0.1
YOPAL 2011 10 20 11 0 0.2
YOPAL 2011 10 20 11 10 0.1
YOPAL 2011 10 20 11 20 0.3
YOPAL 2011 10 20 11 30 0.2
YOPAL 2011 10 20 11 40 0.1
YOPAL 2011 10 20 11 50 0.2
YOPAL 2011 10 20 12 10 0.3
YOPAL 2011 10 20 13 30 0.1
YOPAL 2011 10 20 13 40 0.2
YOPAL 2011 10 20 13 50 0.1
YOPAL 2011 10 20 14 0 0.1
YOPAL 2011 10 20 14 10 0.2
YOPAL 2011 10 20 14 20 0.1
YOPAL 2011 10 20 15 0 0.1
YOPAL 2011 10 21 1 0 0.1
YOPAL 2011 10 21 21 40 0.3
YOPAL 2011 10 21 21 50 0.3
YOPAL 2011 10 21 22 0 0.2
YOPAL 2011 10 21 22 10 0.1
YOPAL 2011 10 22 2 0 0.1
YOPAL 2011 10 24 16 30 3.4
YOPAL 2011 10 24 16 40 0.4
YOPAL 2011 10 24 16 50 2.1
YOPAL 2011 10 24 17 0 1.8
YOPAL 2011 10 24 17 10 0.1
YOPAL 2011 10 24 17 20 0.2
YOPAL 2011 10 24 17 30 0.3
YOPAL 2011 10 24 17 40 0.1
YOPAL 2011 10 25 15 20 0.1
YOPAL 2011 10 25 16 20 0.1
YOPAL 2011 10 25 16 30 0.3
YOPAL 2011 10 25 16 40 0.1
YOPAL 2011 10 27 14 10 0.1
YOPAL 2011 10 27 14 20 0.1
YOPAL 2011 10 27 21 40 0.1
YOPAL 2011 10 28 4 20 0.1
YOPAL 2011 10 28 6 40 0.7
YOPAL 2011 10 28 6 50 0.1
YOPAL 2011 10 28 8 10 0.1
YOPAL 2011 10 28 8 20 1.2
YOPAL 2011 10 28 8 30 0.6
YOPAL 2011 10 28 8 50 0.4
YOPAL 2011 10 28 9 0 0.6
YOPAL 2011 10 28 9 10 0.7
YOPAL 2011 10 28 9 20 0.5
YOPAL 2011 10 28 9 30 0.2
YOPAL 2011 10 28 9 40 0.7
YOPAL 2011 10 28 9 50 0.4
YOPAL 2011 10 28 10 0 0.9
YOPAL 2011 10 28 10 10 0.6
YOPAL 2011 10 28 10 20 0.4
YOPAL 2011 10 28 10 30 0.8
YOPAL 2011 10 28 11 40 0.4
YOPAL 2011 10 28 11 50 0.2
YOPAL 2011 10 28 12 0 0.3
YOPAL 2011 10 28 12 10 0.1
YOPAL 2011 10 28 12 20 0.1
YOPAL 2011 10 28 15 30 0.9
YOPAL 2011 10 28 18 30 0.1
YOPAL 2011 11 4 2 30 0.4
YOPAL 2011 11 4 3 40 0.1
YOPAL 2011 11 4 3 50 0.1
YOPAL 2011 11 4 4 30 0.1
YOPAL 2011 11 4 9 30 0.1
YOPAL 2011 11 4 9 40 0.1
YOPAL 2011 11 4 10 20 0.1
YOPAL 2011 11 4 10 30 0.2
YOPAL 2011 11 4 10 50 8.1
YOPAL 2011 11 4 11 0 2.5
YOPAL 2011 11 4 11 10 0.1
YOPAL 2011 11 4 11 30 0.1
YOPAL 2011 11 6 14 50 0.3
YOPAL 2011 11 6 15 0 0.3
YOPAL 2011 11 6 15 10 0.2
YOPAL 2011 11 6 15 20 0.2
YOPAL 2011 11 6 16 20 0.1
YOPAL 2011 11 6 16 30 0.2
YOPAL 2011 11 6 16 40 0.1
YOPAL 2011 11 6 16 50 0.4
YOPAL 2011 11 6 17 0 0.4
YOPAL 2011 11 6 17 10 0.3
YOPAL 2011 11 6 17 20 0.4
YOPAL 2011 11 6 17 30 0.3
YOPAL 2011 11 6 17 40 0.4
YOPAL 2011 11 6 17 50 0.3
YOPAL 2011 11 6 18 0 0.2
YOPAL 2011 11 6 18 10 0.1
YOPAL 2011 11 6 18 20 0.2
YOPAL 2011 11 6 18 30 0.1
YOPAL 2011 11 6 18 40 0.1
YOPAL 2011 11 6 18 50 0.1
YOPAL 2011 11 6 19 30 0.1
YOPAL 2011 11 7 14 10 0.1
YOPAL 2011 11 7 14 40 0.1
YOPAL 2011 11 7 14 50 0.1
YOPAL 2011 11 8 21 40 0.1
YOPAL 2011 11 8 22 30 0.1
YOPAL 2011 11 8 22 50 0.1
YOPAL 2011 11 8 23 40 0.2
YOPAL 2011 11 9 0 0 0.1
YOPAL 2011 11 9 0 10 0.9
YOPAL 2011 11 9 0 20 0.8
YOPAL 2011 11 9 0 30 0.3
YOPAL 2011 11 9 0 40 0.1
YOPAL 2011 11 9 0 50 0.1
YOPAL 2011 11 9 1 0 0.1
YOPAL 2011 11 9 1 10 0.1
YOPAL 2011 11 9 1 20 0.2
YOPAL 2011 11 9 1 30 0.2
YOPAL 2011 11 9 1 40 0.2
YOPAL 2011 11 9 1 50 0.2
YOPAL 2011 11 9 2 0 0.3
YOPAL 2011 11 9 2 10 0.3
YOPAL 2011 11 9 2 20 0.3
YOPAL 2011 11 9 2 30 0.2
YOPAL 2011 11 9 2 40 0.3
YOPAL 2011 11 9 3 10 0.1
YOPAL 2011 11 9 3 20 0.1
YOPAL 2011 11 9 3 30 0.1
YOPAL 2011 11 9 3 50 0.1
YOPAL 2011 11 9 4 20 0.1
YOPAL 2011 11 10 16 40 0.1
YOPAL 2011 11 10 16 50 1
YOPAL 2011 11 10 17 0 0.1
YOPAL 2011 11 12 9 50 4.8
YOPAL 2011 11 12 10 0 4.9
YOPAL 2011 11 12 10 10 3.3
YOPAL 2011 11 12 10 20 4.2
YOPAL 2011 11 12 10 30 3.2
YOPAL 2011 11 12 11 40 0.3
YOPAL 2011 11 12 11 50 0.2
YOPAL 2011 11 12 12 0 0.1
YOPAL 2011 11 12 12 10 0.1
YOPAL 2011 11 12 12 20 0.1
YOPAL 2011 11 12 12 30 0.1
YOPAL 2011 11 14 8 30 3
YOPAL 2011 11 14 23 10 0.3
YOPAL 2011 11 15 17 40 0.1
YOPAL 2011 11 16 11 20 0.1
YOPAL 2011 11 17 4 30 0.1
YOPAL 2011 11 17 4 40 0.3
YOPAL 2011 11 17 4 50 1.3
YOPAL 2011 11 17 5 0 0.3
YOPAL 2011 11 17 5 10 0.1
YOPAL 2011 11 17 5 20 0.3
YOPAL 2011 11 17 5 30 0.2
YOPAL 2011 11 17 5 40 0.3
YOPAL 2011 11 17 5 50 0.1
YOPAL 2011 11 17 6 0 0.1
YOPAL 2011 11 17 20 0 0.1
YOPAL 2011 11 17 20 10 0.8
YOPAL 2011 11 17 20 20 0.1
YOPAL 2011 11 17 22 10 0.1
YOPAL 2011 11 17 22 30 0.1
YOPAL 2011 11 17 22 50 0.1
YOPAL 2011 11 17 23 0 0.1
YOPAL 2011 11 17 23 40 0.3
YOPAL 2011 11 17 23 50 0.7
YOPAL 2011 11 18 0 0 0.2
YOPAL 2011 11 18 0 10 0.3
YOPAL 2011 11 18 0 20 0.1
YOPAL 2011 11 18 0 40 0.1
YOPAL 2011 11 20 12 40 8.1
YOPAL 2011 11 20 12 50 3.2
YOPAL 2011 11 20 13 0 0.7
YOPAL 2011 11 20 13 10 0.5
YOPAL 2011 11 20 13 20 0.4
YOPAL 2011 11 20 13 30 0.8
YOPAL 2011 11 20 13 40 0.3
YOPAL 2011 11 20 15 10 0.4
YOPAL 2011 11 20 16 20 0.1
YOPAL 2011 11 20 21 20 0.1
YOPAL 2011 11 20 21 30 0.1
YOPAL 2011 11 21 8 30 0.1
YOPAL 2011 11 28 20 0 0.9
YOPAL 2011 11 28 20 10 4.4
YOPAL 2011 11 28 20 20 0.9
YOPAL 2011 11 28 20 30 0.7
YOPAL 2011 11 28 20 40 0.5
YOPAL 2011 11 28 20 50 1
YOPAL 2011 11 28 21 0 2
YOPAL 2011 11 28 21 10 1.4
YOPAL 2011 11 28 21 20 1
YOPAL 2011 11 28 21 30 0.4
YOPAL 2011 11 28 21 40 0.3
YOPAL 2011 11 28 21 50 0.2
YOPAL 2011 11 28 22 0 0.2
YOPAL 2011 11 28 22 10 0.1
YOPAL 2011 11 28 22 20 0.1
YOPAL 2011 11 28 22 30 0.1
YOPAL 2011 11 28 22 50 0.1
YOPAL 2011 11 29 22 40 0.2
YOPAL 2011 11 29 22 50 0.2
YOPAL 2011 11 29 23 0 0.1
YOPAL 2011 11 29 23 10 0.1
YOPAL 2011 12 2 6 0 0.5
YOPAL 2011 12 2 6 10 1
YOPAL 2011 12 2 6 30 0.2
YOPAL 2011 12 2 6 40 0.9
YOPAL 2011 12 6 18 20 0.2
YOPAL 2011 12 6 18 30 6.6
YOPAL 2011 12 6 18 40 1.6
YOPAL 2011 12 6 18 50 0.1
YOPAL 2011 12 6 19 0 1.3
YOPAL 2011 12 6 19 10 0.1
YOPAL 2011 12 6 19 30 0.8
YOPAL 2011 12 6 19 40 0.1
YOPAL 2011 12 6 19 50 0.3
YOPAL 2011 12 6 20 0 4
YOPAL 2011 12 6 20 10 6.3
YOPAL 2011 12 6 20 20 0.8
YOPAL 2011 12 6 20 30 0.2
YOPAL 2011 12 6 20 50 0.1
YOPAL 2011 12 6 22 30 0.1
YOPAL 2011 12 6 22 40 0.1
YOPAL 2011 12 6 22 50 0.1
YOPAL 2011 12 6 23 10 0.1
YOPAL 2011 12 6 23 40 0.1
YOPAL 2011 12 7 6 40 0.5
YOPAL 2011 12 7 6 50 0.5
YOPAL 2011 12 7 7 0 0.6
YOPAL 2011 12 7 7 10 0.2
YOPAL 2011 12 7 7 30 0.1
YOPAL 2011 12 7 8 0 0.1
YOPAL 2011 12 7 8 20 0.1
YOPAL 2011 12 7 8 30 0.1
YOPAL 2011 12 7 11 0 0.1
YOPAL 2011 12 24 7 20 0.1
YOPAL 2011 12 24 8 10 0.1
YOPAL 2011 12 24 8 50 0.1
YOPAL 2011 12 24 9 30 0.1
YOPAL 2012 2 6 0 50 0.5
YOPAL 2012 2 6 1 0 0.5
YOPAL 2012 2 6 1 10 0.1
YOPAL 2012 2 6 1 20 0.4
YOPAL 2012 2 6 1 30 0.2
YOPAL 2012 2 6 1 40 0.1
YOPAL 2012 2 6 1 50 0.5
YOPAL 2012 2 6 2 0 0.1
YOPAL 2012 2 6 2 10 0.1
YOPAL 2012 2 6 5 20 0.1
YOPAL 2012 2 6 5 40 0.1
YOPAL 2012 2 6 13 0 0.1
YOPAL 2012 2 6 13 10 0.1
YOPAL 2012 2 7 2 0 0.1
YOPAL 2012 2 7 2 10 0.1
YOPAL 2012 2 7 4 30 0.1
YOPAL 2012 2 7 11 20 0.1
YOPAL 2012 2 8 12 10 6.5
YOPAL 2012 2 8 12 20 2.9
YOPAL 2012 2 10 9 10 0.8
YOPAL 2012 2 25 4 0 0.1
YOPAL 2012 2 25 8 50 0.5
YOPAL 2012 2 25 9 0 0.1
YOPAL 2012 2 29 22 30 4.9
YOPAL 2012 3 2 19 10 0.1
YOPAL 2012 3 3 20 30 0.1
YOPAL 2012 3 9 10 40 1.1
YOPAL 2012 3 9 10 50 0.4
YOPAL 2012 3 9 11 0 0.2
YOPAL 2012 3 9 11 10 0.2
YOPAL 2012 3 9 18 0 0.5
YOPAL 2012 3 9 18 10 0.3
YOPAL 2012 3 9 18 30 0.1
YOPAL 2012 3 10 4 50 0.2
YOPAL 2012 3 10 5 0 0.2
YOPAL 2012 3 10 5 10 0.2
YOPAL 2012 3 10 6 10 0.2
YOPAL 2012 3 10 6 20 0.3
YOPAL 2012 3 10 6 30 0.1
YOPAL 2012 3 10 6 40 0.1
YOPAL 2012 3 10 6 50 0.1
YOPAL 2012 3 10 9 0 0.1
YOPAL 2012 3 12 1 40 1.2
YOPAL 2012 3 12 1 50 0.9
YOPAL 2012 3 12 2 0 5
YOPAL 2012 3 12 2 10 2.5
YOPAL 2012 3 12 2 20 2.5
YOPAL 2012 3 12 2 30 2.6
YOPAL 2012 3 12 2 40 0.9
YOPAL 2012 3 12 2 50 2
YOPAL 2012 3 12 3 0 1.4
YOPAL 2012 3 12 3 10 0.3
YOPAL 2012 3 12 3 20 0.5
YOPAL 2012 3 12 3 30 0.6
YOPAL 2012 3 12 3 40 0.2
YOPAL 2012 3 12 3 50 0.2
YOPAL 2012 3 12 4 0 0.2
YOPAL 2012 3 12 4 10 0.4
YOPAL 2012 3 12 4 20 0.3
YOPAL 2012 3 12 4 30 0.1
YOPAL 2012 3 12 4 50 0.1
YOPAL 2012 3 12 5 10 0.1
YOPAL 2012 3 12 6 30 0.1
YOPAL 2012 3 12 10 10 0.1
YOPAL 2012 3 13 7 50 0.3
YOPAL 2012 3 13 8 0 1.3
YOPAL 2012 3 13 9 0 0.1
YOPAL 2012 3 18 8 20 1.5
YOPAL 2012 3 18 8 30 0.3
YOPAL 2012 3 18 8 40 0.5
YOPAL 2012 3 18 8 50 0.2
YOPAL 2012 3 18 9 0 0.1
YOPAL 2012 3 18 9 10 0.2
YOPAL 2012 3 18 9 20 0.2
YOPAL 2012 3 18 9 30 0.1
YOPAL 2012 3 18 9 40 0.1
YOPAL 2012 3 18 9 50 0.1
YOPAL 2012 3 18 10 20 0.1
YOPAL 2012 3 21 14 30 5.5
YOPAL 2012 3 21 14 40 2.6
YOPAL 2012 3 21 14 50 0.5
YOPAL 2012 3 21 15 0 0.2
YOPAL 2012 3 21 15 10 0.3
YOPAL 2012 3 22 13 40 2.1
YOPAL 2012 3 22 13 50 2.1
YOPAL 2012 3 22 14 40 0.1
YOPAL 2012 3 22 18 0 0.1
YOPAL 2012 3 24 14 40 3
YOPAL 2012 3 24 14 50 0.1
YOPAL 2012 3 24 21 30 0.1
YOPAL 2012 3 26 17 10 0.1
YOPAL 2012 3 26 17 20 0.3
YOPAL 2012 3 26 17 30 0.2
YOPAL 2012 3 26 17 40 0.3
YOPAL 2012 3 26 17 50 0.1
YOPAL 2012 3 26 18 10 0.1
YOPAL 2012 3 26 18 20 0.3
YOPAL 2012 3 26 18 30 0.1
YOPAL 2012 3 26 18 40 0.1
YOPAL 2012 3 26 18 50 0.1
YOPAL 2012 3 26 19 0 0.4
YOPAL 2012 3 26 19 10 7.8
YOPAL 2012 3 26 19 20 7.5
YOPAL 2012 3 26 19 30 3.1
YOPAL 2012 3 26 19 40 1.2
YOPAL 2012 3 26 19 50 0.7
YOPAL 2012 3 26 20 0 0.3
YOPAL 2012 3 26 20 10 0.1
YOPAL 2012 3 26 20 20 0.1
YOPAL 2012 3 26 20 30 0.1
YOPAL 2012 3 26 20 40 0.1
YOPAL 2012 3 26 21 0 0.1
YOPAL 2012 3 26 21 10 0.1
YOPAL 2012 3 26 21 20 0.1
YOPAL 2012 3 26 21 30 0.1
YOPAL 2012 3 26 22 20 0.1
YOPAL 2012 3 27 5 50 0.1
YOPAL 2012 3 27 20 10 9.9
YOPAL 2012 3 27 20 20 2.4
YOPAL 2012 3 27 20 30 6.4
YOPAL 2012 3 27 20 40 6
YOPAL 2012 3 27 20 50 6.2
YOPAL 2012 3 27 21 0 4.1
YOPAL 2012 3 27 21 10 0.8
YOPAL 2012 3 27 21 20 0.8
YOPAL 2012 3 27 21 30 0.8
YOPAL 2012 3 27 21 40 0.4
YOPAL 2012 3 27 21 50 0.2
YOPAL 2012 3 28 0 0 0.1
YOPAL 2012 3 28 0 20 0.1
YOPAL 2012 3 28 0 40 0.1
YOPAL 2012 3 28 0 50 0.1
YOPAL 2012 3 28 2 30 0.1
YOPAL 2012 3 28 4 20 0.1
YOPAL 2012 3 28 6 0 0.1
YOPAL 2012 3 28 10 0 1
YOPAL 2012 3 28 11 50 0.8
YOPAL 2012 3 28 12 0 0.7
YOPAL 2012 3 28 12 40 0.1
YOPAL 2012 3 28 12 50 0.1
YOPAL 2012 3 29 17 20 0.3
YOPAL 2012 3 29 17 30 0.5
YOPAL 2012 3 29 17 40 1.1
YOPAL 2012 3 29 17 50 3.1
YOPAL 2012 3 29 18 0 2.4
YOPAL 2012 3 29 18 10 1.1
YOPAL 2012 3 29 18 20 0.3
YOPAL 2012 3 29 18 30 0.5
YOPAL 2012 3 29 18 40 0.6
YOPAL 2012 3 29 18 50 0.3
YOPAL 2012 3 29 19 10 0.1
YOPAL 2012 3 30 3 30 0.4
YOPAL 2012 3 30 7 30 0.1
YOPAL 2012 3 30 23 40 0.8
YOPAL 2012 3 30 23 50 0.2
YOPAL 2012 3 31 0 0 0.5
YOPAL 2012 3 31 0 10 0.6
YOPAL 2012 3 31 0 20 0.9
YOPAL 2012 3 31 1 0 0.1
YOPAL 2012 3 31 2 0 0.3
YOPAL 2012 3 31 2 10 0.1
YOPAL 2012 3 31 4 10 0.5
YOPAL 2012 3 31 4 20 0.7
YOPAL 2012 3 31 4 30 0.2
YOPAL 2012 3 31 4 40 0.2
YOPAL 2012 3 31 4 50 0.4
YOPAL 2012 3 31 5 0 0.8
YOPAL 2012 3 31 5 10 2.2
YOPAL 2012 3 31 5 20 0.8
YOPAL 2012 3 31 5 30 0.5
YOPAL 2012 3 31 5 40 0.3
YOPAL 2012 3 31 5 50 0.1
YOPAL 2012 3 31 6 0 0.2
YOPAL 2012 3 31 6 10 0.2
YOPAL 2012 3 31 6 20 0.4
YOPAL 2012 3 31 6 30 0.6
YOPAL 2012 3 31 6 40 0.1
YOPAL 2012 3 31 6 50 0.3
YOPAL 2012 3 31 7 0 0.2
YOPAL 2012 3 31 7 10 0.1
YOPAL 2012 4 2 2 20 0.3
YOPAL 2012 4 2 2 30 0.3
YOPAL 2012 4 2 5 10 0.1
YOPAL 2012 4 3 7 40 0.1
YOPAL 2012 4 4 1 40 0.1
YOPAL 2012 4 4 2 50 0.1
YOPAL 2012 4 4 3 0 0.5
YOPAL 2012 4 4 3 20 0.1
YOPAL 2012 4 4 5 30 0.2
YOPAL 2012 4 4 5 40 0.6
YOPAL 2012 4 4 5 50 0.5
YOPAL 2012 4 4 6 0 0.8
YOPAL 2012 4 4 6 10 0.4
YOPAL 2012 4 4 6 20 0.5
YOPAL 2012 4 4 6 30 0.4
YOPAL 2012 4 4 6 40 0.2
YOPAL 2012 4 4 6 50 0.1
YOPAL 2012 4 4 7 0 0.1
YOPAL 2012 4 4 8 30 0.1
YOPAL 2012 4 5 14 50 1.3
YOPAL 2012 4 5 15 0 12.6
YOPAL 2012 4 5 15 10 0.1
YOPAL 2012 4 5 15 20 0.3
YOPAL 2012 4 5 15 30 0.3
YOPAL 2012 4 5 15 40 0.1
YOPAL 2012 4 5 16 50 0.1
YOPAL 2012 4 5 17 0 0.8
YOPAL 2012 4 5 17 30 0.1
YOPAL 2012 4 5 18 40 0.1
YOPAL 2012 4 5 19 0 0.1
YOPAL 2012 4 5 19 10 0.2
YOPAL 2012 4 5 19 20 0.2
YOPAL 2012 4 5 21 50 0.2
YOPAL 2012 4 5 22 0 0.1
YOPAL 2012 4 5 22 10 0.8
YOPAL 2012 4 5 22 20 1
YOPAL 2012 4 5 22 30 0.7
YOPAL 2012 4 6 1 20 0.1
YOPAL 2012 4 6 2 50 0.1
YOPAL 2012 4 6 3 0 0.1
YOPAL 2012 4 6 7 20 0.1
YOPAL 2012 4 6 16 10 1
YOPAL 2012 4 6 16 20 0.1
YOPAL 2012 4 6 16 50 6.2
YOPAL 2012 4 6 17 0 3.8
YOPAL 2012 4 6 17 10 1.2
YOPAL 2012 4 6 17 20 0.4
YOPAL 2012 4 6 19 0 0.1
YOPAL 2012 4 6 19 10 0.4
YOPAL 2012 4 6 19 20 3.5
YOPAL 2012 4 6 19 30 0.5
YOPAL 2012 4 6 19 40 2.5
YOPAL 2012 4 6 19 50 1.4
YOPAL 2012 4 6 20 0 1.8
YOPAL 2012 4 6 20 10 4.2
YOPAL 2012 4 6 20 20 6.2
YOPAL 2012 4 6 20 30 3.6
YOPAL 2012 4 6 20 40 2.2
YOPAL 2012 4 6 20 50 2
YOPAL 2012 4 6 21 0 0.5
YOPAL 2012 4 6 21 10 1.9
YOPAL 2012 4 6 21 20 2.1
YOPAL 2012 4 6 21 30 0.5
YOPAL 2012 4 6 21 40 0.5
YOPAL 2012 4 6 21 50 1.2
YOPAL 2012 4 6 22 0 2.1
YOPAL 2012 4 6 22 10 0.6
YOPAL 2012 4 6 22 20 0.5
YOPAL 2012 4 6 22 30 0.4
YOPAL 2012 4 6 23 40 0.6
YOPAL 2012 4 6 23 50 0.5
YOPAL 2012 4 7 0 0 0.3
YOPAL 2012 4 7 0 10 0.1
YOPAL 2012 4 7 0 20 0.1
YOPAL 2012 4 7 0 40 0.1
YOPAL 2012 4 7 1 40 0.1
YOPAL 2012 4 10 0 30 0.3
YOPAL 2012 4 10 0 40 0.1
YOPAL 2012 4 10 0 50 0.1
YOPAL 2012 4 10 1 0 0.1
YOPAL 2012 4 12 2 10 0.1
YOPAL 2012 4 12 2 20 0.2
YOPAL 2012 4 12 2 30 0.2
YOPAL 2012 4 12 2 40 0.2
YOPAL 2012 4 12 2 50 0.2
YOPAL 2012 4 12 3 0 0.2
YOPAL 2012 4 12 3 10 0.2
YOPAL 2012 4 12 3 20 0.1
YOPAL 2012 4 12 3 30 0.1
YOPAL 2012 4 12 9 0 0.1
YOPAL 2012 4 12 9 10 0.8
YOPAL 2012 4 12 9 20 0.3
YOPAL 2012 4 12 9 30 0.6
YOPAL 2012 4 12 9 50 0.1
YOPAL 2012 4 12 10 10 0.1
YOPAL 2012 4 12 17 20 0.2
YOPAL 2012 4 12 17 30 0.6
YOPAL 2012 4 12 17 40 0.2
YOPAL 2012 4 12 17 50 1.4
YOPAL 2012 4 12 18 0 1.1
YOPAL 2012 4 12 18 10 0.3
YOPAL 2012 4 12 18 20 0.5
YOPAL 2012 4 12 18 30 0.4
YOPAL 2012 4 12 18 40 0.6
YOPAL 2012 4 12 18 50 0.5
YOPAL 2012 4 12 19 0 0.6
YOPAL 2012 4 12 19 10 0.5
YOPAL 2012 4 12 19 20 0.4
YOPAL 2012 4 12 19 30 0.3
YOPAL 2012 4 12 19 40 0.2
YOPAL 2012 4 12 19 50 0.1
YOPAL 2012 4 13 2 30 0.1
YOPAL 2012 4 13 2 40 0.1
YOPAL 2012 4 13 4 50 0.1
YOPAL 2012 4 14 18 30 0.3
YOPAL 2012 4 14 18 50 0.5
YOPAL 2012 4 14 19 0 0.1
YOPAL 2012 4 14 19 30 7
YOPAL 2012 4 14 19 40 5.6
YOPAL 2012 4 14 19 50 2.2
YOPAL 2012 4 14 20 0 1.1
YOPAL 2012 4 16 3 40 1.5
YOPAL 2012 4 16 3 50 1.4
YOPAL 2012 4 16 4 0 1.2
YOPAL 2012 4 16 4 10 0.8
YOPAL 2012 4 16 4 20 1.1
YOPAL 2012 4 16 4 30 1.6
YOPAL 2012 4 16 4 40 1.2
YOPAL 2012 4 16 4 50 1.2
YOPAL 2012 4 16 5 0 2.5
YOPAL 2012 4 16 5 10 4.8
YOPAL 2012 4 16 5 20 3.4
YOPAL 2012 4 16 5 30 2
YOPAL 2012 4 16 5 40 0.9
YOPAL 2012 4 16 5 50 0.6
YOPAL 2012 4 16 6 0 0.6
YOPAL 2012 4 16 6 10 0.3
YOPAL 2012 4 16 6 20 0.1
YOPAL 2012 4 16 6 30 0.1
YOPAL 2012 4 16 6 40 0.2
YOPAL 2012 4 16 6 50 0.3
YOPAL 2012 4 16 7 0 0.3
YOPAL 2012 4 16 7 10 0.2
YOPAL 2012 4 16 7 20 0.3
YOPAL 2012 4 16 7 30 0.7
YOPAL 2012 4 16 7 40 0.5
YOPAL 2012 4 16 7 50 0.3
YOPAL 2012 4 16 8 0 0.2
YOPAL 2012 4 16 8 10 0.2
YOPAL 2012 4 16 8 20 0.1
YOPAL 2012 4 16 8 30 0.2
YOPAL 2012 4 16 8 40 0.2
YOPAL 2012 4 16 8 50 0.2
YOPAL 2012 4 16 9 0 0.1
YOPAL 2012 4 16 9 10 0.2
YOPAL 2012 4 16 9 20 0.1
YOPAL 2012 4 16 9 30 0.1
YOPAL 2012 4 16 9 40 0.1
YOPAL 2012 4 16 9 50 0.1
YOPAL 2012 4 16 10 10 0.1
YOPAL 2012 4 18 19 30 0.2
YOPAL 2012 4 18 19 40 0.3
YOPAL 2012 4 18 19 50 0.3
YOPAL 2012 4 18 20 0 0.2
YOPAL 2012 4 18 20 10 0.2
YOPAL 2012 4 18 20 20 0.5
YOPAL 2012 4 18 20 30 0.3
YOPAL 2012 4 18 20 40 0.1
YOPAL 2012 4 18 20 50 0.2
YOPAL 2012 4 18 21 0 0.2
YOPAL 2012 4 18 21 10 0.2
YOPAL 2012 4 18 21 20 0.2
YOPAL 2012 4 18 21 30 0.1
YOPAL 2012 4 19 9 20 0.1
YOPAL 2012 4 20 11 0 0.1
YOPAL 2012 4 20 11 10 5.3
YOPAL 2012 4 20 11 20 4.7
YOPAL 2012 4 20 11 30 1.2
YOPAL 2012 4 20 11 40 0.1
YOPAL 2012 4 20 11 50 6.3
YOPAL 2012 4 20 12 0 4.9
YOPAL 2012 4 20 12 10 2.4
YOPAL 2012 4 20 12 20 1
YOPAL 2012 4 20 12 30 0.6
YOPAL 2012 4 20 12 40 0.3
YOPAL 2012 4 20 12 50 0.1
YOPAL 2012 4 20 13 30 0.1
YOPAL 2012 4 20 13 40 0.1
YOPAL 2012 4 21 17 20 0.1
YOPAL 2012 4 21 17 30 0.1
YOPAL 2012 4 21 18 0 0.3
YOPAL 2012 4 21 18 10 0.6
YOPAL 2012 4 21 18 20 0.5
YOPAL 2012 4 21 18 30 0.2
YOPAL 2012 4 21 18 40 0.2
YOPAL 2012 4 21 18 50 0.8
YOPAL 2012 4 21 19 0 3.8
YOPAL 2012 4 21 19 10 2.7
YOPAL 2012 4 21 19 20 0.9
YOPAL 2012 4 21 19 30 1.6
YOPAL 2012 4 21 19 40 1.3
YOPAL 2012 4 21 19 50 0.7
YOPAL 2012 4 21 20 0 0.6
YOPAL 2012 4 21 20 10 0.7
YOPAL 2012 4 21 20 20 1
YOPAL 2012 4 21 20 30 0.6
YOPAL 2012 4 21 20 40 0.7
YOPAL 2012 4 21 20 50 0.6
YOPAL 2012 4 21 21 0 0.4
YOPAL 2012 4 21 21 10 0.5
YOPAL 2012 4 21 21 20 0.5
YOPAL 2012 4 21 21 30 0.4
YOPAL 2012 4 21 21 40 0.4
YOPAL 2012 4 21 21 50 1.3
YOPAL 2012 4 21 22 0 0.9
YOPAL 2012 4 21 22 10 0.6
YOPAL 2012 4 21 22 20 0.4
YOPAL 2012 4 21 22 30 0.3
YOPAL 2012 4 21 23 40 0.3
YOPAL 2012 4 21 23 50 0.2
YOPAL 2012 4 22 0 0 0.1
YOPAL 2012 4 22 0 10 0.2
YOPAL 2012 4 22 0 20 0.1
YOPAL 2012 4 22 1 0 0.1
YOPAL 2012 4 23 5 10 0.1
YOPAL 2012 4 23 14 20 0.3
YOPAL 2012 4 23 14 30 0.3
YOPAL 2012 4 23 14 40 0.1
YOPAL 2012 4 23 18 20 0.1
YOPAL 2012 4 23 18 40 0.1
YOPAL 2012 4 23 21 0 0.1
YOPAL 2012 4 24 7 10 0.1
YOPAL 2012 4 25 14 40 0.1
YOPAL 2012 4 25 15 0 0.3
YOPAL 2012 4 25 15 10 0.2
YOPAL 2012 4 25 15 20 0.1
YOPAL 2012 4 26 6 10 0.1
YOPAL 2012 4 28 12 40 0.3
YOPAL 2012 4 28 12 50 0.1
YOPAL 2012 4 28 15 0 0.8
YOPAL 2012 4 28 17 50 0.1
YOPAL 2012 4 28 18 40 0.1
YOPAL 2012 4 29 5 40 0.1
YOPAL 2012 4 29 6 0 0.1
YOPAL 2012 4 30 14 30 3.4
YOPAL 2012 4 30 17 40 0.1
YOPAL 2012 4 30 18 0 0.1
YOPAL 2012 4 30 22 30 0.3
YOPAL 2012 4 30 22 50 0.1
YOPAL 2012 5 1 2 30 0.8
YOPAL 2012 5 1 2 40 1.1
YOPAL 2012 5 1 2 50 0.1
YOPAL 2012 5 1 3 0 0.1
YOPAL 2012 5 1 3 10 0.1
YOPAL 2012 5 1 3 30 0.6
YOPAL 2012 5 1 3 40 0.3
YOPAL 2012 5 1 3 50 0.3
YOPAL 2012 5 1 4 0 1
YOPAL 2012 5 1 4 10 1.2
YOPAL 2012 5 1 4 20 0.7
YOPAL 2012 5 1 4 30 0.5
YOPAL 2012 5 1 4 40 0.4
YOPAL 2012 5 1 4 50 0.6
YOPAL 2012 5 1 5 0 0.5
YOPAL 2012 5 1 5 10 0.5
YOPAL 2012 5 1 5 20 0.4
YOPAL 2012 5 1 5 30 0.4
YOPAL 2012 5 1 5 40 0.4
YOPAL 2012 5 1 5 50 0.3
YOPAL 2012 5 1 6 0 0.3
YOPAL 2012 5 1 6 10 0.3
YOPAL 2012 5 1 6 20 0.3
YOPAL 2012 5 1 6 30 0.1
YOPAL 2012 5 1 6 40 0.1
YOPAL 2012 5 1 6 50 0.2
YOPAL 2012 5 1 7 0 0.2
YOPAL 2012 5 1 7 10 0.2
YOPAL 2012 5 1 7 20 0.1
YOPAL 2012 5 1 7 30 0.1
YOPAL 2012 5 1 7 40 0.1
YOPAL 2012 5 1 7 50 0.1
YOPAL 2012 5 1 8 0 0.1
YOPAL 2012 5 1 8 10 0.1
YOPAL 2012 5 1 9 0 0.1
YOPAL 2012 5 1 11 50 0.1
YOPAL 2012 5 1 12 0 0.1
YOPAL 2012 5 1 12 10 0.1
YOPAL 2012 5 1 12 20 0.5
YOPAL 2012 5 1 12 30 0.2
YOPAL 2012 5 1 12 40 0.2
YOPAL 2012 5 1 13 50 0.1
YOPAL 2012 5 2 3 40 0.1
YOPAL 2012 5 4 2 50 0.2
YOPAL 2012 5 4 3 0 0.3
YOPAL 2012 5 4 3 10 0.1
YOPAL 2012 5 4 3 50 0.1
YOPAL 2012 5 4 5 30 0.3
YOPAL 2012 5 4 5 50 0.4
YOPAL 2012 5 4 13 40 0.6
YOPAL 2012 5 4 13 50 0.5
YOPAL 2012 5 4 14 0 0.7
YOPAL 2012 5 4 14 10 0.1
YOPAL 2012 5 5 2 0 0.1
YOPAL 2012 5 5 2 10 0.4
YOPAL 2012 5 5 2 20 0.4
YOPAL 2012 5 5 2 30 0.5
YOPAL 2012 5 5 2 40 0.3
YOPAL 2012 5 5 2 50 0.1
YOPAL 2012 5 5 3 0 0.3
YOPAL 2012 5 5 3 10 0.2
YOPAL 2012 5 5 3 20 0.4
YOPAL 2012 5 5 3 30 0.2
YOPAL 2012 5 5 3 40 0.3
YOPAL 2012 5 5 3 50 0.3
YOPAL 2012 5 5 4 0 0.3
YOPAL 2012 5 5 4 10 0.2
YOPAL 2012 5 5 4 20 0.1
YOPAL 2012 5 5 4 30 0.1
YOPAL 2012 5 5 4 50 0.1
YOPAL 2012 5 5 6 20 0.1
YOPAL 2012 5 5 6 30 0.9
YOPAL 2012 5 5 6 50 0.2
YOPAL 2012 5 5 7 0 2.7
YOPAL 2012 5 5 7 10 0.2
YOPAL 2012 5 5 7 20 0.1
YOPAL 2012 5 5 7 40 1.4
YOPAL 2012 5 5 7 50 0.2
YOPAL 2012 5 5 8 0 2.4
YOPAL 2012 5 5 8 10 1.8
YOPAL 2012 5 5 8 20 0.9
YOPAL 2012 5 5 8 30 0.1
YOPAL 2012 5 5 9 0 0.1
YOPAL 2012 5 5 9 30 0.1
YOPAL 2012 5 5 9 40 0.4
YOPAL 2012 5 5 9 50 0.4
YOPAL 2012 5 5 10 0 0.6
YOPAL 2012 5 5 10 10 0.3
YOPAL 2012 5 5 10 20 0.2
YOPAL 2012 5 5 10 40 0.1
YOPAL 2012 5 7 2 30 0.1
YOPAL 2012 5 7 2 50 0.2
YOPAL 2012 5 7 3 0 0.2
YOPAL 2012 5 7 3 30 0.4
YOPAL 2012 5 7 3 40 0.9
YOPAL 2012 5 7 3 50 0.2
YOPAL 2012 5 7 4 0 0.2
YOPAL 2012 5 7 4 10 0.2
YOPAL 2012 5 7 5 10 0.1
YOPAL 2012 5 10 0 10 1.1
YOPAL 2012 5 10 0 20 0.7
YOPAL 2012 5 10 0 30 1.2
YOPAL 2012 5 10 0 40 1
YOPAL 2012 5 10 0 50 1.1
YOPAL 2012 5 10 1 0 0.5
YOPAL 2012 5 10 1 10 1.1
YOPAL 2012 5 10 1 20 0.6
YOPAL 2012 5 10 1 30 0.4
YOPAL 2012 5 10 1 50 0.1
YOPAL 2012 5 11 8 20 0.1
YOPAL 2012 5 11 9 40 4.9
YOPAL 2012 5 11 9 50 5.3
YOPAL 2012 5 11 10 0 8.8
YOPAL 2012 5 11 10 10 5.3
YOPAL 2012 5 11 10 20 2.1
YOPAL 2012 5 11 10 30 0.5
YOPAL 2012 5 11 10 40 0.3
YOPAL 2012 5 11 10 50 1
YOPAL 2012 5 11 11 10 0.1
YOPAL 2012 5 11 16 20 5.9
YOPAL 2012 5 11 16 30 1.3
YOPAL 2012 5 11 16 40 3.1
YOPAL 2012 5 11 16 50 0.3
YOPAL 2012 5 11 17 0 0.1
YOPAL 2012 5 11 17 30 0.2
YOPAL 2012 5 11 17 40 0.1
YOPAL 2012 5 11 17 50 0.1
YOPAL 2012 5 11 18 0 0.3
YOPAL 2012 5 11 18 10 1.1
YOPAL 2012 5 11 18 20 0.7
YOPAL 2012 5 11 18 30 0.1
YOPAL 2012 5 11 18 40 0.1
YOPAL 2012 5 11 18 50 0.4
YOPAL 2012 5 11 19 0 0.1
YOPAL 2012 5 11 19 10 0.1
YOPAL 2012 5 11 19 20 0.6
YOPAL 2012 5 11 19 30 0.1
YOPAL 2012 5 11 19 40 0.1
YOPAL 2012 5 11 19 50 0.1
YOPAL 2012 5 11 20 0 0.3
YOPAL 2012 5 11 20 10 0.1
YOPAL 2012 5 11 20 20 0.1
YOPAL 2012 5 11 20 30 0.1
YOPAL 2012 5 11 20 40 0.1
YOPAL 2012 5 11 20 50 0.1
YOPAL 2012 5 12 8 20 0.1
YOPAL 2012 5 12 12 50 0.1
YOPAL 2012 5 12 13 20 0.1
YOPAL 2012 5 12 14 20 3.2
YOPAL 2012 5 12 14 30 11.6
YOPAL 2012 5 12 14 40 5.7
YOPAL 2012 5 12 14 50 0.3
YOPAL 2012 5 12 15 0 3.5
YOPAL 2012 5 12 15 10 4.4
YOPAL 2012 5 12 15 20 0.6
YOPAL 2012 5 12 15 30 0.1
YOPAL 2012 7 17 18 0 0.1
YOPAL 2012 7 18 6 10 0.1
YOPAL 2012 7 18 7 40 0.1
YOPAL 2012 7 18 7 50 0.1
YOPAL 2012 7 18 8 0 0.1
YOPAL 2012 7 18 8 10 0.2
YOPAL 2012 7 18 8 20 0.5
YOPAL 2012 7 18 8 30 0.4
YOPAL 2012 7 18 8 40 0.6
YOPAL 2012 7 18 8 50 0.2
YOPAL 2012 7 18 9 10 0.1
YOPAL 2012 7 18 9 20 0.1
YOPAL 2012 7 18 9 30 0.2
YOPAL 2012 7 18 9 40 0.3
YOPAL 2012 7 18 9 50 0.2
YOPAL 2012 7 18 10 0 0.3
YOPAL 2012 7 18 10 10 0.3
YOPAL 2012 7 18 10 20 0.4
YOPAL 2012 7 18 10 30 0.4
YOPAL 2012 7 18 10 40 0.5
YOPAL 2012 7 18 10 50 0.5
YOPAL 2012 7 18 11 0 0.4
YOPAL 2012 7 18 11 10 0.3
YOPAL 2012 7 18 11 20 0.2
YOPAL 2012 7 18 11 30 0.1
YOPAL 2012 7 18 13 40 0.1
YOPAL 2012 7 18 23 40 0.1
YOPAL 2012 7 18 23 50 0.1
YOPAL 2012 7 19 0 0 0.1
YOPAL 2012 7 19 0 10 2
YOPAL 2012 7 19 0 20 0.9
YOPAL 2012 7 19 0 30 1.1
YOPAL 2012 7 19 0 40 0.5
YOPAL 2012 7 19 0 50 0.2
YOPAL 2012 7 19 3 20 0.1
YOPAL 2012 7 19 3 30 0.4
YOPAL 2012 7 19 3 40 0.3
YOPAL 2012 7 19 3 50 0.3
YOPAL 2012 7 19 4 0 0.5
YOPAL 2012 7 19 4 10 0.3
YOPAL 2012 7 19 4 20 0.2
YOPAL 2012 7 19 4 30 0.1
YOPAL 2012 7 19 4 40 0.3
YOPAL 2012 7 19 4 50 1
YOPAL 2012 7 19 5 0 0.2
YOPAL 2012 7 19 5 10 0.1
YOPAL 2012 7 19 5 20 0.2
YOPAL 2012 7 19 5 30 0.1
YOPAL 2012 7 19 5 40 0.3
YOPAL 2012 7 19 5 50 0.2
YOPAL 2012 7 19 6 0 0.6
YOPAL 2012 7 19 6 10 0.3
YOPAL 2012 7 19 6 20 0.4
YOPAL 2012 7 19 6 30 0.2
YOPAL 2012 7 19 6 40 0.1
YOPAL 2012 7 19 7 0 0.2
YOPAL 2012 7 19 7 10 0.1
YOPAL 2012 7 19 7 20 0.1
YOPAL 2012 7 19 7 30 0.1
YOPAL 2012 7 23 3 30 0.1
YOPAL 2012 7 23 4 50 0.2
YOPAL 2012 7 23 5 0 0.1
YOPAL 2012 7 23 15 20 1.8
YOPAL 2012 7 23 15 30 2.2
YOPAL 2012 7 23 15 50 1.9
YOPAL 2012 7 23 16 0 11.5
YOPAL 2012 7 23 16 10 8.9
YOPAL 2012 7 23 16 20 2
YOPAL 2012 7 23 16 30 0.7
YOPAL 2012 7 23 16 40 0.5
YOPAL 2012 7 23 16 50 0.3
YOPAL 2012 7 23 17 0 0.1
YOPAL 2012 7 23 17 10 0.3
YOPAL 2012 7 23 17 20 0.1
YOPAL 2012 7 23 21 40 0.1
YOPAL 2012 7 24 5 40 0.1
YOPAL 2012 7 24 6 10 0.1
YOPAL 2012 7 24 6 30 0.2
YOPAL 2012 7 24 9 0 0.1
YOPAL 2012 7 24 11 30 0.1
YOPAL 2012 7 24 11 40 0.1
YOPAL 2012 7 24 11 50 0.2
YOPAL 2012 7 24 12 0 0.1
YOPAL 2012 7 24 13 0 0.2
YOPAL 2012 7 24 13 10 0.2
YOPAL 2012 7 24 13 30 0.1
YOPAL 2012 7 26 3 10 0.1
YOPAL 2012 7 26 3 20 1.8
YOPAL 2012 7 26 3 30 0.2
YOPAL 2012 7 26 6 50 0.1
YOPAL 2012 7 26 23 0 0.1
YOPAL 2012 7 26 23 10 0.1
YOPAL 2012 7 26 23 20 0.2
YOPAL 2012 7 26 23 30 0.1
YOPAL 2012 7 26 23 40 0.1
YOPAL 2012 7 27 0 40 0.1
YOPAL 2012 7 27 0 50 0.1
YOPAL 2012 7 27 1 10 0.2
YOPAL 2012 7 27 1 30 0.1
YOPAL 2012 7 27 1 40 0.1
YOPAL 2012 7 27 1 50 0.1
YOPAL 2012 7 27 2 0 0.1
YOPAL 2012 7 27 3 30 0.1
YOPAL 2012 7 27 3 40 0.1
YOPAL 2012 7 27 4 30 0.1
YOPAL 2012 7 27 5 40 0.1
YOPAL 2012 7 27 20 50 0.4
YOPAL 2012 7 27 21 0 13.4
YOPAL 2012 7 27 21 10 19.1
YOPAL 2012 7 27 21 20 12.2
YOPAL 2012 7 27 21 30 3.6
YOPAL 2012 7 27 21 40 4
YOPAL 2012 7 27 21 50 1.5
YOPAL 2012 7 27 22 0 0.4
YOPAL 2012 7 27 22 10 0.6
YOPAL 2012 7 27 22 20 0.8
YOPAL 2012 7 27 22 30 0.9
YOPAL 2012 7 27 22 40 1.3
YOPAL 2012 7 27 22 50 1.7
YOPAL 2012 7 27 23 0 3.1
YOPAL 2012 7 27 23 10 3.4
YOPAL 2012 7 27 23 20 4
YOPAL 2012 7 27 23 30 4.1
YOPAL 2012 7 27 23 40 5.2
YOPAL 2012 7 27 23 50 3
YOPAL 2012 7 28 0 0 4.6
YOPAL 2012 7 28 0 10 2.8
YOPAL 2012 7 28 0 20 2.3
YOPAL 2012 7 28 0 30 1.2
YOPAL 2012 7 28 0 40 1.4
YOPAL 2012 7 28 0 50 1.7
YOPAL 2012 7 28 1 0 1.2
YOPAL 2012 7 28 1 10 1.4
YOPAL 2012 7 28 1 20 1.6
YOPAL 2012 7 28 1 30 0.9
YOPAL 2012 7 28 1 40 0.3
YOPAL 2012 7 28 1 50 1.8
YOPAL 2012 7 28 2 0 1.6
YOPAL 2012 7 28 2 10 1.3
YOPAL 2012 7 28 2 20 2.1
YOPAL 2012 7 28 2 30 2.7
YOPAL 2012 7 28 2 40 2.6
YOPAL 2012 7 28 2 50 2
YOPAL 2012 7 28 3 0 0.8
YOPAL 2012 7 28 3 10 0.3
YOPAL 2012 7 28 3 20 0.2
YOPAL 2012 7 28 3 30 0.4
YOPAL 2012 7 28 3 40 0.5
YOPAL 2012 7 28 3 50 0.6
YOPAL 2012 7 28 4 0 0.9
YOPAL 2012 7 28 4 10 0.8
YOPAL 2012 7 28 4 20 1.3
YOPAL 2012 7 28 4 30 1.4
YOPAL 2012 7 28 4 40 2
YOPAL 2012 7 28 4 50 2.5
YOPAL 2012 7 28 5 0 1.3
YOPAL 2012 7 28 5 10 0.6
YOPAL 2012 7 28 5 20 0.4
YOPAL 2012 7 28 5 30 0.2
YOPAL 2012 7 28 6 0 0.1
YOPAL 2012 7 28 6 40 0.3
YOPAL 2012 7 28 6 50 0.3
YOPAL 2012 7 28 7 0 0.2
YOPAL 2012 7 28 7 10 0.1
YOPAL 2012 7 28 7 20 0.3
YOPAL 2012 7 28 7 30 0.2
YOPAL 2012 7 28 7 40 0.3
YOPAL 2012 7 28 7 50 0.1
YOPAL 2012 7 28 8 0 0.2
YOPAL 2012 7 28 8 10 0.2
YOPAL 2012 7 28 8 20 0.2
YOPAL 2012 7 28 8 30 0.2
YOPAL 2012 7 28 9 40 0.2
YOPAL 2012 7 28 9 50 0.3
YOPAL 2012 7 28 10 0 0.2
YOPAL 2012 7 29 3 0 0.1
YOPAL 2012 7 29 4 10 0.1
YOPAL 2012 7 29 22 40 0.6
YOPAL 2012 7 29 22 50 0.8
YOPAL 2012 7 29 23 0 9.2
YOPAL 2012 7 29 23 20 14.4
YOPAL 2012 7 29 23 30 9.2
YOPAL 2012 7 29 23 40 9.9
YOPAL 2012 7 29 23 50 9.4
YOPAL 2012 7 30 0 0 11.5
YOPAL 2012 7 30 0 10 12
YOPAL 2012 7 30 0 20 2.8
YOPAL 2012 7 30 0 30 1
YOPAL 2012 7 30 0 40 1.5
YOPAL 2012 7 30 0 50 2.2
YOPAL 2012 7 30 1 0 1.4
YOPAL 2012 7 30 1 10 1.1
YOPAL 2012 7 30 1 20 0.1
YOPAL 2012 7 30 2 10 0.1
YOPAL 2012 7 30 2 40 0.1
YOPAL 2012 7 30 2 50 0.2
YOPAL 2012 7 30 3 0 0.1
YOPAL 2012 7 30 3 10 0.1
YOPAL 2012 7 30 3 40 1.1
YOPAL 2012 7 30 3 50 3
YOPAL 2012 7 30 4 0 1.9
YOPAL 2012 7 30 4 20 0.1
YOPAL 2012 7 30 4 30 0.1
YOPAL 2012 7 30 4 50 0.1
YOPAL 2012 7 30 5 0 0.1
YOPAL 2012 7 30 5 10 0.1
YOPAL 2012 7 30 7 40 0.1
YOPAL 2012 7 30 11 40 0.1
YOPAL 2012 7 30 22 0 0.1
YOPAL 2012 7 30 23 10 0.1
YOPAL 2012 7 31 4 50 0.1
YOPAL 2012 7 31 23 10 0.4
YOPAL 2012 7 31 23 20 0.5
YOPAL 2012 7 31 23 30 0.1
YOPAL 2012 7 31 23 40 0.1
YOPAL 2012 7 31 23 50 0.2
YOPAL 2012 8 1 0 0 0.1
YOPAL 2012 8 1 0 10 0.1
YOPAL 2012 8 1 0 20 0.3
YOPAL 2012 8 1 0 30 0.1
YOPAL 2012 8 1 0 40 0.1
YOPAL 2012 8 1 1 0 0.1
YOPAL 2012 8 1 3 30 0.1
YOPAL 2012 8 1 3 50 0.3
YOPAL 2012 8 1 4 0 0.2
YOPAL 2012 8 1 4 10 0.2
YOPAL 2012 8 1 4 20 0.1
YOPAL 2012 8 1 4 30 0.6
YOPAL 2012 8 1 4 40 0.3
YOPAL 2012 8 1 5 0 0.1
YOPAL 2012 8 1 7 30 0.1
YOPAL 2012 8 1 8 0 0.2
YOPAL 2012 8 1 8 10 0.1
YOPAL 2012 8 1 9 20 0.1
YOPAL 2012 8 1 9 30 0.2
YOPAL 2012 8 1 9 40 0.1
YOPAL 2012 8 1 10 0 0.1
YOPAL 2012 8 1 13 30 6.5
YOPAL 2012 8 3 6 20 0.1
YOPAL 2012 8 3 6 30 0.1
YOPAL 2012 8 4 2 30 0.1
YOPAL 2012 8 4 2 40 0.1
YOPAL 2012 8 4 2 50 0.1
YOPAL 2012 8 4 4 40 1.5
YOPAL 2012 8 4 4 50 0.9
YOPAL 2012 8 4 5 0 1.2
YOPAL 2012 8 4 5 10 2.2
YOPAL 2012 8 4 5 20 0.8
YOPAL 2012 8 4 5 30 3
YOPAL 2012 8 4 5 40 4.7
YOPAL 2012 8 4 6 50 0.1
YOPAL 2012 8 4 7 0 0.2
YOPAL 2012 8 4 7 10 0.1
YOPAL 2012 8 4 7 20 0.1
YOPAL 2012 8 4 7 30 0.1
YOPAL 2012 8 4 8 0 0.1
YOPAL 2012 8 4 9 0 0.7
YOPAL 2012 8 4 9 10 0.2
YOPAL 2012 8 4 9 30 0.2
YOPAL 2012 8 4 9 40 0.4
YOPAL 2012 8 4 9 50 0.3
YOPAL 2012 8 4 10 0 0.2
YOPAL 2012 8 4 10 10 0.1
YOPAL 2012 8 4 10 20 0.1
YOPAL 2012 8 4 10 30 0.2
YOPAL 2012 8 4 10 40 0.1
YOPAL 2012 8 4 11 0 0.1
YOPAL 2012 8 4 12 30 0.1
YOPAL 2012 8 5 0 30 1.9
YOPAL 2012 8 5 0 40 8.9
YOPAL 2012 8 5 0 50 2.7
YOPAL 2012 8 5 1 0 0.3
YOPAL 2012 8 5 1 10 1
YOPAL 2012 8 5 1 20 0.3
YOPAL 2012 8 5 1 30 0.2
YOPAL 2012 8 5 1 40 0.1
YOPAL 2012 8 5 1 50 0.2
YOPAL 2012 8 5 2 0 0.2
YOPAL 2012 8 5 2 10 0.7
YOPAL 2012 8 5 2 20 0.5
YOPAL 2012 8 5 2 30 0.3
YOPAL 2012 8 5 2 40 0.3
YOPAL 2012 8 5 2 50 0.3
YOPAL 2012 8 5 3 0 0.6
YOPAL 2012 8 5 3 10 0.5
YOPAL 2012 8 5 3 20 0.7
YOPAL 2012 8 5 3 30 0.6
YOPAL 2012 8 5 3 40 0.6
YOPAL 2012 8 5 3 50 0.5
YOPAL 2012 8 5 4 0 0.3
YOPAL 2012 8 5 4 10 0.2
YOPAL 2012 8 5 4 20 0.3
YOPAL 2012 8 5 4 30 0.3
YOPAL 2012 8 5 4 40 0.2
YOPAL 2012 8 5 4 50 0.1
YOPAL 2012 8 5 5 0 0.1
YOPAL 2012 8 5 6 10 0.1
YOPAL 2012 8 5 7 0 0.1
YOPAL 2012 8 5 8 30 0.1
YOPAL 2012 8 5 8 50 0.1
YOPAL 2012 8 5 10 0 0.2
YOPAL 2012 8 5 10 10 0.2
YOPAL 2012 8 5 10 20 0.1
YOPAL 2012 8 5 10 30 0.1
YOPAL 2012 8 5 10 40 0.2
YOPAL 2012 8 5 10 50 0.3
YOPAL 2012 8 5 11 0 0.3
YOPAL 2012 8 5 11 10 0.1
YOPAL 2012 8 5 11 20 0.1
YOPAL 2012 8 5 11 30 0.1
YOPAL 2012 8 9 13 50 0.1
YOPAL 2012 8 9 14 30 3.1
YOPAL 2012 8 10 10 0 0.2
YOPAL 2012 8 10 10 10 0.4
YOPAL 2012 8 10 10 20 1.1
YOPAL 2012 8 10 10 30 0.8
YOPAL 2012 8 10 10 40 0.6
YOPAL 2012 8 10 10 50 0.8
YOPAL 2012 8 10 11 0 0.2
YOPAL 2012 8 10 11 40 0.1
YOPAL 2012 8 12 13 50 2.2
YOPAL 2012 8 12 14 0 3.9
YOPAL 2012 8 12 19 10 0.1
YOPAL 2012 8 12 19 30 0.1
YOPAL 2012 8 12 20 10 0.1
YOPAL 2012 8 12 20 20 0.1
YOPAL 2012 8 12 20 30 0.1
YOPAL 2012 8 12 22 10 0.1
YOPAL 2012 8 13 16 10 2.2
YOPAL 2012 8 13 16 20 1
YOPAL 2012 8 13 16 30 0.1
YOPAL 2012 8 13 16 40 0.3
YOPAL 2012 8 13 16 50 0.1
YOPAL 2012 8 13 17 0 0.1
YOPAL 2012 8 13 17 10 0.4
YOPAL 2012 8 13 17 20 0.1
YOPAL 2012 8 13 17 50 0.1
YOPAL 2012 8 13 18 0 0.1
YOPAL 2012 8 13 18 40 0.1
YOPAL 2012 8 14 7 0 0.1
YOPAL 2012 8 14 14 0 3
YOPAL 2012 8 14 14 10 3.8
YOPAL 2012 8 14 14 20 0.3
YOPAL 2012 8 14 14 30 0.1
YOPAL 2012 8 14 14 40 0.1
YOPAL 2012 8 14 15 50 0.1
YOPAL 2012 8 14 21 50 0.1
YOPAL 2012 8 15 1 40 0.1
YOPAL 2012 8 15 8 30 0.1
YOPAL 2012 8 16 22 40 0.1
YOPAL 2012 8 17 9 10 1.9
YOPAL 2012 8 17 9 20 5.8
YOPAL 2012 8 17 9 30 1.8
YOPAL 2012 8 17 9 40 0.5
YOPAL 2012 8 17 16 0 0.3
YOPAL 2012 8 17 16 10 0.3
YOPAL 2012 8 17 16 20 1
YOPAL 2012 8 17 16 30 0.3
YOPAL 2012 8 17 16 40 3.8
YOPAL 2012 8 17 16 50 3.6
YOPAL 2012 8 17 17 0 1.9
YOPAL 2012 8 17 17 10 0.4
YOPAL 2012 8 17 17 20 0.3
YOPAL 2012 8 17 17 30 0.4
YOPAL 2012 8 17 17 40 0.3
YOPAL 2012 8 17 17 50 0.1
YOPAL 2012 8 17 18 0 0.3
YOPAL 2012 8 17 18 10 0.3
YOPAL 2012 8 17 18 20 0.4
YOPAL 2012 8 17 18 30 0.2
YOPAL 2012 8 17 18 40 0.4
YOPAL 2012 8 17 18 50 0.2
YOPAL 2012 8 17 19 0 0.2
YOPAL 2012 8 17 20 0 0.1
YOPAL 2012 8 19 22 10 0.1
YOPAL 2012 8 19 22 20 0.2
YOPAL 2012 8 19 22 30 0.3
YOPAL 2012 8 19 22 40 0.3
YOPAL 2012 8 19 22 50 0.2
YOPAL 2012 8 19 23 0 0.1
YOPAL 2012 8 20 3 40 4.3
YOPAL 2012 8 20 3 50 1.5
YOPAL 2012 8 20 4 0 0.2
YOPAL 2012 8 20 4 20 0.1
YOPAL 2012 8 20 10 40 0.2
YOPAL 2012 8 20 10 50 0.5
YOPAL 2012 8 20 11 0 0.3
YOPAL 2012 8 20 11 10 0.1
YOPAL 2012 8 20 11 20 0.1
YOPAL 2012 8 22 8 0 0.1
YOPAL 2012 8 22 8 10 3.7
YOPAL 2012 8 22 8 20 0.2
YOPAL 2012 8 23 23 0 1.5
YOPAL 2012 8 23 23 50 0.1
YOPAL 2012 8 25 1 0 0.1
YOPAL 2012 8 25 16 50 0.1
YOPAL 2012 8 26 13 20 0.7
YOPAL 2012 8 26 13 30 0.1
YOPAL 2012 8 27 9 0 0.3
YOPAL 2012 8 27 9 50 1.2
YOPAL 2012 8 27 10 0 0.3
YOPAL 2012 8 27 10 10 0.1
YOPAL 2012 8 27 10 20 0.8
YOPAL 2012 8 27 10 30 0.2
YOPAL 2012 8 27 10 40 0.2
YOPAL 2012 8 27 10 50 0.2
YOPAL 2012 8 27 12 30 1.1
YOPAL 2012 8 29 3 10 0.1
YOPAL 2012 8 29 3 20 0.2
YOPAL 2012 8 29 4 10 0.1
YOPAL 2012 8 29 4 20 1.5
YOPAL 2012 8 29 4 30 3.5
YOPAL 2012 8 29 4 40 6.3
YOPAL 2012 8 29 4 50 1.1
YOPAL 2012 8 29 5 0 2.5
YOPAL 2012 8 29 5 10 0.8
YOPAL 2012 8 29 5 20 2.8
YOPAL 2012 8 29 5 30 2.3
YOPAL 2012 8 29 5 40 1.5
YOPAL 2012 8 29 5 50 3.4
YOPAL 2012 8 29 6 0 0.1
YOPAL 2012 8 29 6 50 0.7
YOPAL 2012 8 29 7 0 1.5
YOPAL 2012 8 29 7 10 0.5
YOPAL 2012 8 29 7 20 3.5
YOPAL 2012 8 29 7 30 0.9
YOPAL 2012 8 29 8 20 0.6
YOPAL 2012 8 29 8 30 1.4
YOPAL 2012 8 29 8 40 2.5
YOPAL 2012 8 29 8 50 0.4
YOPAL 2012 8 29 9 0 2
YOPAL 2012 8 29 9 10 0.8
YOPAL 2012 8 29 9 20 0.3
YOPAL 2012 8 29 9 30 0.4
YOPAL 2012 8 29 9 40 0.4
YOPAL 2012 8 29 9 50 0.5
YOPAL 2012 8 29 10 0 0.6
YOPAL 2012 8 29 10 10 0.4
YOPAL 2012 8 29 10 20 0.5
YOPAL 2012 8 29 10 30 0.2
YOPAL 2012 8 29 10 40 0.1
YOPAL 2012 8 31 3 30 0.1
YOPAL 2012 9 2 3 20 1
YOPAL 2012 9 2 3 30 4.5
YOPAL 2012 9 2 4 40 0.2
YOPAL 2012 9 2 4 50 0.1
YOPAL 2012 9 2 5 0 0.1
YOPAL 2012 9 2 5 10 0.1
YOPAL 2012 9 2 5 20 0.2
YOPAL 2012 9 2 5 30 0.1
YOPAL 2012 9 5 15 0 0.3
YOPAL 2012 9 5 15 10 1.9
YOPAL 2012 9 5 15 20 0.7
YOPAL 2012 9 5 16 50 0.1
YOPAL 2012 9 8 16 40 0.1
YOPAL 2012 9 9 15 0 0.5
YOPAL 2012 9 9 15 10 0.1
YOPAL 2012 9 9 15 20 0.1
YOPAL 2012 9 9 15 30 0.2
YOPAL 2012 9 9 15 40 0.1
YOPAL 2012 9 9 15 50 0.1
YOPAL 2012 9 10 23 0 0.1
YOPAL 2012 9 10 23 10 1.5
YOPAL 2012 9 10 23 20 0.6
YOPAL 2012 9 10 23 30 0.6
YOPAL 2012 9 11 3 50 0.1
YOPAL 2012 9 12 23 10 0.1
YOPAL 2012 9 14 23 0 0.1
YOPAL 2012 9 14 23 10 1.2
YOPAL 2012 9 14 23 20 0.5
YOPAL 2012 9 14 23 30 0.1
YOPAL 2012 9 14 23 40 0.1
YOPAL 2012 9 14 23 50 0.2
YOPAL 2012 9 15 0 0 0.9
YOPAL 2012 9 15 0 10 0.1
YOPAL 2012 9 15 0 50 0.1
YOPAL 2012 9 15 2 40 0.1
YOPAL 2012 9 15 3 20 5.5
YOPAL 2012 9 15 3 30 0.8
YOPAL 2012 9 15 3 40 1
YOPAL 2012 9 15 3 50 1
YOPAL 2012 9 15 4 0 0.8
YOPAL 2012 9 15 4 10 1.4
YOPAL 2012 9 15 4 20 1.7
YOPAL 2012 9 15 4 30 0.5
YOPAL 2012 9 15 4 40 0.6
YOPAL 2012 9 15 4 50 0.5
YOPAL 2012 9 15 5 0 0.3
YOPAL 2012 9 15 5 10 0.3
YOPAL 2012 9 15 5 20 0.2
YOPAL 2012 9 15 5 30 0.1
YOPAL 2012 9 15 5 40 0.1
YOPAL 2012 9 15 5 50 0.1
YOPAL 2012 9 15 6 0 0.1
YOPAL 2012 9 18 23 30 3.6
YOPAL 2012 9 24 11 50 4.5
YOPAL 2012 9 24 12 10 0.1
YOPAL 2012 9 27 0 50 0.1
YOPAL 2012 9 27 1 0 0.3
YOPAL 2012 9 27 1 10 1
YOPAL 2012 9 27 1 20 0.1
YOPAL 2012 9 27 1 30 0.1
YOPAL 2012 9 27 1 40 0.8
YOPAL 2012 9 27 1 50 3.1
YOPAL 2012 9 27 2 0 1.7
YOPAL 2012 9 27 2 10 0.7
YOPAL 2012 9 27 2 20 0.6
YOPAL 2012 9 27 2 30 0.5
YOPAL 2012 9 27 3 40 0.2
YOPAL 2012 9 27 3 50 1
YOPAL 2012 9 27 4 0 0.8
YOPAL 2012 9 27 4 10 0.2
YOPAL 2012 9 27 4 20 0.3
YOPAL 2012 9 27 4 30 0.3
YOPAL 2012 9 27 8 40 0.5
YOPAL 2012 9 27 8 50 0.1
YOPAL 2012 9 27 9 30 0.1
YOPAL 2012 9 27 10 50 0.1
YOPAL 2012 9 27 11 0 0.1
YOPAL 2012 9 27 11 20 0.1
YOPAL 2012 10 2 10 40 0.1
YOPAL 2012 10 2 11 30 0.1
YOPAL 2012 10 4 12 40 1.5
YOPAL 2012 10 4 14 30 0.1
YOPAL 2012 10 5 20 0 0.1
YOPAL 2012 10 5 20 10 0.1
YOPAL 2012 10 5 20 20 0.1
YOPAL 2012 10 5 20 30 0.1
YOPAL 2012 10 14 8 30 1.4
YOPAL 2012 10 14 8 40 0.2
YOPAL 2012 10 14 8 50 0.2
YOPAL 2012 10 14 9 0 0.2
YOPAL 2012 10 15 15 50 0.1
YOPAL 2012 10 15 16 0 0.1
YOPAL 2012 10 15 16 30 0.2
YOPAL 2012 10 16 11 40 0.1
YOPAL 2012 11 22 16 20 0.2
YOPAL 2012 11 22 16 30 2.2
YOPAL 2012 12 11 7 30 0.1
YOPAL 2012 12 11 8 40 0.1
YOPAL 2012 12 14 23 10 0.1
YOPAL 2012 12 14 23 20 0.1
YOPAL 2012 12 15 3 20 0.1
YOPAL 2012 12 23 3 40 0.4
YOPAL 2012 12 23 3 50 0.4
YOPAL 2012 12 23 4 0 0.2
YOPAL 2012 12 23 4 10 0.5
YOPAL 2012 12 23 4 20 0.5
YOPAL 2012 12 23 4 30 0.5
YOPAL 2012 12 23 4 40 0.3
YOPAL 2012 12 23 4 50 0.5
YOPAL 2012 12 23 5 0 0.6
YOPAL 2012 12 23 5 10 0.4
YOPAL 2012 12 23 5 20 0.4
YOPAL 2012 12 23 5 30 0.4
YOPAL 2012 12 23 7 0 0.1
YOPAL 2012 12 23 7 30 0.1
YOPAL 2012 12 23 8 50 0.5
YOPAL 2012 12 23 9 0 0.4
YOPAL 2012 12 23 9 10 0.1
YOPAL 2012 12 23 9 20 0.2
YOPAL 2012 12 26 16 10 0.1
